PIENAPT00000013550	ENSP00000345957.3	71.1	83	24	0	1	83	1	83	1.0e-28	124.8
PIENAPT00000013550	ENSP00000388332.2	71.6	81	23	0	1	81	1	81	1.5e-27	120.9
PIENAPT00000013550	ENSP00000359624.1	72.6	62	17	0	1	62	1	62	6.8e-20	95.5
PIENAPT00000013550	ENSP00000359593.1	73.3	45	12	0	1	45	1	45	6.2e-13	72.4
PIENAPT00000007722	ENSP00000317302.7	31.7	303	124	7	3	281	2	245	1.7e-25	115.9
PIENAPT00000007722	ENSP00000344566.4	32.3	303	123	7	3	281	2	246	1.1e-24	113.2
PIENAPT00000007722	ENSP00000381047.3	36.4	220	104	7	3	191	2	216	2.3e-22	105.5
PIENAPT00000018323	ENSP00000376570.3	31.7	605	251	12	64	621	58	547	5.4e-76	285.4
PIENAPT00000018323	ENSP00000387239.1	33.6	533	202	10	64	550	58	484	5.1e-74	278.9
PIENAPT00000018323	ENSP00000436604.2	31.5	685	286	17	6	624	10	577	4.8e-72	272.3
PIENAPT00000018323	ENSP00000447852.1	32.7	620	243	15	63	624	71	574	2.4e-71	270.0
PIENAPT00000018323	ENSP00000269195.4	30.2	579	242	12	90	621	85	548	6.9e-71	268.5
PIENAPT00000018323	ENSP00000355632.4	30.1	601	249	12	70	621	85	563	3.8e-69	262.7
PIENAPT00000018323	ENSP00000444171.1	29.8	574	242	11	81	600	134	600	3.1e-63	243.0
PIENAPT00000018323	ENSP00000348668.2	29.8	574	242	11	81	600	134	600	3.1e-63	243.0
PIENAPT00000018323	ENSP00000376465.3	31.3	530	212	10	64	542	125	553	7.6e-62	238.4
PIENAPT00000018323	ENSP00000297107.6	29.6	601	266	15	75	626	100	592	4.9e-61	235.7
PIENAPT00000018323	ENSP00000288988.6	29.3	600	252	15	78	623	68	549	8.4e-61	235.0
PIENAPT00000018323	ENSP00000385435.1	29.3	600	252	15	78	623	48	529	8.4e-61	235.0
PIENAPT00000018323	ENSP00000336729.4	29.8	628	266	18	50	623	48	554	4.2e-60	232.6
PIENAPT00000018323	ENSP00000402970.3	29.8	628	266	18	50	623	48	554	4.2e-60	232.6
PIENAPT00000018323	ENSP00000451420.1	31.8	490	178	8	50	491	48	429	7.4e-57	221.9
PIENAPT00000018323	ENSP00000451200.1	31.8	490	178	8	50	491	48	429	7.4e-57	221.9
PIENAPT00000018323	ENSP00000500791.1	30.1	509	201	10	63	524	94	494	1.6e-56	220.7
PIENAPT00000018323	ENSP00000329846.8	30.1	509	201	10	63	524	94	494	1.6e-56	220.7
PIENAPT00000018323	ENSP00000423313.1	28.0	599	265	14	81	625	100	586	2.8e-56	219.9
PIENAPT00000018323	ENSP00000423827.1	28.0	599	265	14	81	625	83	569	2.8e-56	219.9
PIENAPT00000018323	ENSP00000344260.5	29.1	592	253	14	93	632	163	639	3.7e-56	219.5
PIENAPT00000018323	ENSP00000465341.1	35.3	363	131	4	90	451	85	344	6.2e-56	218.8
PIENAPT00000018323	ENSP00000259056.4	32.0	456	159	8	81	489	456	807	6.9e-55	215.3
PIENAPT00000018323	ENSP00000314500.5	28.9	567	231	15	111	623	106	554	9.0e-55	214.9
PIENAPT00000018323	ENSP00000364150.3	37.1	367	167	9	308	621	219	574	4.5e-54	212.6
PIENAPT00000018331	ENSP00000376570.3	34.0	162	73	2	64	225	58	185	7.3e-15	80.5
PIENAPT00000018331	ENSP00000387239.1	34.0	162	73	2	64	225	58	185	7.3e-15	80.5
PIENAPT00000018331	ENSP00000227756.4	31.5	149	68	2	75	221	108	224	3.4e-12	71.6
PIENAPT00000018331	ENSP00000265000.4	31.5	165	78	3	64	228	150	279	4.4e-12	71.2
PIENAPT00000018331	ENSP00000427050.1	31.5	165	78	3	64	228	150	279	4.4e-12	71.2
PIENAPT00000018331	ENSP00000415210.2	33.6	134	56	2	75	208	100	200	1.7e-11	69.3
PIENAPT00000018331	ENSP00000297107.6	33.6	134	56	2	75	208	100	200	1.7e-11	69.3
PIENAPT00000018331	ENSP00000336729.4	32.8	183	79	6	50	228	48	190	1.7e-11	69.3
PIENAPT00000018331	ENSP00000402970.3	32.8	183	79	6	50	228	48	190	1.7e-11	69.3
PIENAPT00000018331	ENSP00000451420.1	32.8	183	79	6	50	228	48	190	1.7e-11	69.3
PIENAPT00000018331	ENSP00000451200.1	32.8	183	79	6	50	228	48	190	1.7e-11	69.3
PIENAPT00000018331	ENSP00000444171.1	32.4	148	62	4	81	225	134	246	2.9e-11	68.6
PIENAPT00000018331	ENSP00000348668.2	32.4	148	62	4	81	225	134	246	2.9e-11	68.6
PIENAPT00000018331	ENSP00000474670.1	32.4	148	62	4	81	225	134	246	2.9e-11	68.6
PIENAPT00000018331	ENSP00000465341.1	31.3	131	57	2	90	219	85	183	1.1e-10	66.6
PIENAPT00000018331	ENSP00000269195.4	31.3	131	57	2	90	219	85	183	1.1e-10	66.6
PIENAPT00000018331	ENSP00000428573.1	44.4	72	39	1	75	146	100	170	2.4e-10	65.5
PIENAPT00000018331	ENSP00000366889.2	44.4	72	39	1	75	146	100	170	2.4e-10	65.5
PIENAPT00000018331	ENSP00000376465.3	30.9	165	76	4	64	225	125	254	3.2e-10	65.1
PIENAPT00000018331	ENSP00000412643.1	30.9	165	76	4	64	225	125	254	3.2e-10	65.1
PIENAPT00000018331	ENSP00000423313.1	30.5	128	57	1	81	208	100	195	7.0e-10	63.9
PIENAPT00000018331	ENSP00000423827.1	30.5	128	57	1	81	208	83	178	7.0e-10	63.9
PIENAPT00000018331	ENSP00000344260.5	33.6	116	45	1	93	208	163	246	1.6e-09	62.8
PIENAPT00000018331	ENSP00000395873.1	33.6	116	45	1	93	208	163	246	1.6e-09	62.8
PIENAPT00000018331	ENSP00000288988.6	32.8	122	50	1	78	199	68	157	4.6e-09	61.2
PIENAPT00000018330	ENSP00000376570.3	34.0	162	73	2	64	225	58	185	7.3e-15	80.5
PIENAPT00000018330	ENSP00000387239.1	34.0	162	73	2	64	225	58	185	7.3e-15	80.5
PIENAPT00000018330	ENSP00000227756.4	31.5	149	68	2	75	221	108	224	3.4e-12	71.6
PIENAPT00000018330	ENSP00000265000.4	31.5	165	78	3	64	228	150	279	4.4e-12	71.2
PIENAPT00000018330	ENSP00000427050.1	31.5	165	78	3	64	228	150	279	4.4e-12	71.2
PIENAPT00000018330	ENSP00000415210.2	33.6	134	56	2	75	208	100	200	1.7e-11	69.3
PIENAPT00000018330	ENSP00000297107.6	33.6	134	56	2	75	208	100	200	1.7e-11	69.3
PIENAPT00000018330	ENSP00000336729.4	32.8	183	79	6	50	228	48	190	1.7e-11	69.3
PIENAPT00000018330	ENSP00000402970.3	32.8	183	79	6	50	228	48	190	1.7e-11	69.3
PIENAPT00000018330	ENSP00000451420.1	32.8	183	79	6	50	228	48	190	1.7e-11	69.3
PIENAPT00000018330	ENSP00000451200.1	32.8	183	79	6	50	228	48	190	1.7e-11	69.3
PIENAPT00000018330	ENSP00000444171.1	32.4	148	62	4	81	225	134	246	2.9e-11	68.6
PIENAPT00000018330	ENSP00000348668.2	32.4	148	62	4	81	225	134	246	2.9e-11	68.6
PIENAPT00000018330	ENSP00000474670.1	32.4	148	62	4	81	225	134	246	2.9e-11	68.6
PIENAPT00000018330	ENSP00000465341.1	31.3	131	57	2	90	219	85	183	1.1e-10	66.6
PIENAPT00000018330	ENSP00000269195.4	31.3	131	57	2	90	219	85	183	1.1e-10	66.6
PIENAPT00000018330	ENSP00000428573.1	44.4	72	39	1	75	146	100	170	2.4e-10	65.5
PIENAPT00000018330	ENSP00000366889.2	44.4	72	39	1	75	146	100	170	2.4e-10	65.5
PIENAPT00000018330	ENSP00000376465.3	30.9	165	76	4	64	225	125	254	3.2e-10	65.1
PIENAPT00000018330	ENSP00000412643.1	30.9	165	76	4	64	225	125	254	3.2e-10	65.1
PIENAPT00000018330	ENSP00000423313.1	30.5	128	57	1	81	208	100	195	7.0e-10	63.9
PIENAPT00000018330	ENSP00000423827.1	30.5	128	57	1	81	208	83	178	7.0e-10	63.9
PIENAPT00000018330	ENSP00000344260.5	33.6	116	45	1	93	208	163	246	1.6e-09	62.8
PIENAPT00000018330	ENSP00000395873.1	33.6	116	45	1	93	208	163	246	1.6e-09	62.8
PIENAPT00000018330	ENSP00000288988.6	32.8	122	50	1	78	199	68	157	4.6e-09	61.2
PIENAPT00000018328	ENSP00000376570.3	31.7	605	251	12	64	621	58	547	4.5e-76	285.4
PIENAPT00000018328	ENSP00000387239.1	33.6	533	202	10	64	550	58	484	4.2e-74	278.9
PIENAPT00000018328	ENSP00000436604.2	31.5	685	286	17	6	624	10	577	3.9e-72	272.3
PIENAPT00000018328	ENSP00000447852.1	32.7	620	243	15	63	624	71	574	1.9e-71	270.0
PIENAPT00000018328	ENSP00000269195.4	30.2	579	242	12	90	621	85	548	5.7e-71	268.5
PIENAPT00000018328	ENSP00000355632.4	30.1	601	249	12	70	621	85	563	3.1e-69	262.7
PIENAPT00000018328	ENSP00000444171.1	29.8	574	242	11	81	600	134	600	2.5e-63	243.0
PIENAPT00000018328	ENSP00000348668.2	29.8	574	242	11	81	600	134	600	2.5e-63	243.0
PIENAPT00000018328	ENSP00000376465.3	31.3	530	212	10	64	542	125	553	6.3e-62	238.4
PIENAPT00000018328	ENSP00000297107.6	29.6	601	266	15	75	626	100	592	4.1e-61	235.7
PIENAPT00000018328	ENSP00000288988.6	29.3	600	252	15	78	623	68	549	6.9e-61	235.0
PIENAPT00000018328	ENSP00000385435.1	29.3	600	252	15	78	623	48	529	6.9e-61	235.0
PIENAPT00000018328	ENSP00000336729.4	29.8	628	266	18	50	623	48	554	3.4e-60	232.6
PIENAPT00000018328	ENSP00000402970.3	29.8	628	266	18	50	623	48	554	3.4e-60	232.6
PIENAPT00000018328	ENSP00000451420.1	31.8	490	178	8	50	491	48	429	6.1e-57	221.9
PIENAPT00000018328	ENSP00000451200.1	31.8	490	178	8	50	491	48	429	6.1e-57	221.9
PIENAPT00000018328	ENSP00000500791.1	30.1	509	201	10	63	524	94	494	1.4e-56	220.7
PIENAPT00000018328	ENSP00000329846.8	30.1	509	201	10	63	524	94	494	1.4e-56	220.7
PIENAPT00000018328	ENSP00000423313.1	28.0	599	265	14	81	625	100	586	2.3e-56	219.9
PIENAPT00000018328	ENSP00000423827.1	28.0	599	265	14	81	625	83	569	2.3e-56	219.9
PIENAPT00000018328	ENSP00000344260.5	29.1	592	253	14	93	632	163	639	3.0e-56	219.5
PIENAPT00000018328	ENSP00000465341.1	35.3	363	131	4	90	451	85	344	5.1e-56	218.8
PIENAPT00000018328	ENSP00000259056.4	32.0	456	159	8	81	489	456	807	5.7e-55	215.3
PIENAPT00000018328	ENSP00000314500.5	28.9	567	231	15	111	623	106	554	7.4e-55	214.9
PIENAPT00000018328	ENSP00000364150.3	37.1	367	167	9	308	621	219	574	3.7e-54	212.6
PIENAPT00000018324	ENSP00000376570.3	35.7	538	251	12	64	554	58	547	2.1e-82	306.6
PIENAPT00000018324	ENSP00000387239.1	38.4	466	202	10	64	483	58	484	2.0e-80	300.1
PIENAPT00000018324	ENSP00000436604.2	34.7	620	285	17	6	557	10	577	1.3e-79	297.4
PIENAPT00000018324	ENSP00000447852.1	36.4	555	242	15	63	557	71	574	6.4e-79	295.0
PIENAPT00000018324	ENSP00000269195.4	34.2	512	242	12	90	554	85	548	7.8e-77	288.1
PIENAPT00000018324	ENSP00000395122.2	34.5	534	242	10	88	557	118	607	7.8e-77	288.1
PIENAPT00000018324	ENSP00000416787.1	34.5	534	242	10	88	557	118	607	7.8e-77	288.1
PIENAPT00000018324	ENSP00000355632.4	33.5	534	251	12	70	554	85	563	2.4e-73	276.6
PIENAPT00000018324	ENSP00000444171.1	33.6	509	240	10	81	533	134	600	3.2e-70	266.2
PIENAPT00000018324	ENSP00000348668.2	33.6	509	240	10	81	533	134	600	3.2e-70	266.2
PIENAPT00000018324	ENSP00000364150.3	34.1	519	242	13	89	554	103	574	3.5e-69	262.7
PIENAPT00000018324	ENSP00000376465.3	35.3	465	212	9	64	475	125	553	2.3e-68	260.0
PIENAPT00000018324	ENSP00000297107.6	32.8	534	269	14	75	559	100	592	6.6e-68	258.5
PIENAPT00000018324	ENSP00000336729.4	33.0	561	268	18	50	556	48	554	4.3e-67	255.8
PIENAPT00000018324	ENSP00000402970.3	33.0	561	268	18	50	556	48	554	4.3e-67	255.8
PIENAPT00000018324	ENSP00000288988.6	32.8	533	253	14	78	556	68	549	5.6e-67	255.4
PIENAPT00000018324	ENSP00000385435.1	32.8	533	253	14	78	556	48	529	5.6e-67	255.4
PIENAPT00000018324	ENSP00000451420.1	36.4	423	180	8	50	424	48	429	9.9e-64	244.6
PIENAPT00000018324	ENSP00000451200.1	36.4	423	180	8	50	424	48	429	9.9e-64	244.6
PIENAPT00000018324	ENSP00000500791.1	34.8	442	200	11	63	457	94	494	2.9e-63	243.0
PIENAPT00000018324	ENSP00000329846.8	34.8	442	200	11	63	457	94	494	2.9e-63	243.0
PIENAPT00000018324	ENSP00000423313.1	30.7	531	271	13	81	558	100	586	1.4e-62	240.7
PIENAPT00000018324	ENSP00000423827.1	30.7	531	271	13	81	558	83	569	1.4e-62	240.7
PIENAPT00000018324	ENSP00000465341.1	43.2	296	131	4	90	384	85	344	7.1e-62	238.4
PIENAPT00000018324	ENSP00000259056.4	37.4	390	158	8	81	422	456	807	9.3e-62	238.0
PIENAPT00000018327	ENSP00000376570.3	31.7	605	251	12	64	621	58	547	4.6e-76	285.4
PIENAPT00000018327	ENSP00000387239.1	33.6	533	202	10	64	550	58	484	4.3e-74	278.9
PIENAPT00000018327	ENSP00000436604.2	31.5	685	286	17	6	624	10	577	4.0e-72	272.3
PIENAPT00000018327	ENSP00000447852.1	32.7	620	243	15	63	624	71	574	2.0e-71	270.0
PIENAPT00000018327	ENSP00000269195.4	30.2	579	242	12	90	621	85	548	5.8e-71	268.5
PIENAPT00000018327	ENSP00000355632.4	30.1	601	249	12	70	621	85	563	3.2e-69	262.7
PIENAPT00000018327	ENSP00000444171.1	29.8	574	242	11	81	600	134	600	2.6e-63	243.0
PIENAPT00000018327	ENSP00000348668.2	29.8	574	242	11	81	600	134	600	2.6e-63	243.0
PIENAPT00000018327	ENSP00000376465.3	31.3	530	212	10	64	542	125	553	6.4e-62	238.4
PIENAPT00000018327	ENSP00000297107.6	29.6	601	266	15	75	626	100	592	4.2e-61	235.7
PIENAPT00000018327	ENSP00000288988.6	29.3	600	252	15	78	623	68	549	7.1e-61	235.0
PIENAPT00000018327	ENSP00000385435.1	29.3	600	252	15	78	623	48	529	7.1e-61	235.0
PIENAPT00000018327	ENSP00000336729.4	29.8	628	266	18	50	623	48	554	3.5e-60	232.6
PIENAPT00000018327	ENSP00000402970.3	29.8	628	266	18	50	623	48	554	3.5e-60	232.6
PIENAPT00000018327	ENSP00000451420.1	31.8	490	178	8	50	491	48	429	6.2e-57	221.9
PIENAPT00000018327	ENSP00000451200.1	31.8	490	178	8	50	491	48	429	6.2e-57	221.9
PIENAPT00000018327	ENSP00000500791.1	30.1	509	201	10	63	524	94	494	1.4e-56	220.7
PIENAPT00000018327	ENSP00000329846.8	30.1	509	201	10	63	524	94	494	1.4e-56	220.7
PIENAPT00000018327	ENSP00000423313.1	28.0	599	265	14	81	625	100	586	2.4e-56	219.9
PIENAPT00000018327	ENSP00000423827.1	28.0	599	265	14	81	625	83	569	2.4e-56	219.9
PIENAPT00000018327	ENSP00000344260.5	29.1	592	253	14	93	632	163	639	3.1e-56	219.5
PIENAPT00000018327	ENSP00000465341.1	35.3	363	131	4	90	451	85	344	5.3e-56	218.8
PIENAPT00000018327	ENSP00000259056.4	32.0	456	159	8	81	489	456	807	5.8e-55	215.3
PIENAPT00000018327	ENSP00000314500.5	28.9	567	231	15	111	623	106	554	7.6e-55	214.9
PIENAPT00000018327	ENSP00000364150.3	37.1	367	167	9	308	621	219	574	3.8e-54	212.6
PIENAPT00000018329	ENSP00000376570.3	27.6	536	195	11	64	452	58	547	4.8e-46	185.7
PIENAPT00000018329	ENSP00000387239.1	29.1	464	146	9	64	381	58	484	4.5e-44	179.1
PIENAPT00000018329	ENSP00000355632.4	27.7	495	230	14	70	452	85	563	1.3e-43	177.6
PIENAPT00000018329	ENSP00000366889.2	30.5	442	237	14	75	457	100	530	1.7e-43	177.2
PIENAPT00000018329	ENSP00000269195.4	27.5	480	215	14	90	452	85	548	1.1e-42	174.5
PIENAPT00000018329	ENSP00000297107.6	27.9	499	238	15	75	457	100	592	3.0e-40	166.4
PIENAPT00000018329	ENSP00000436604.2	28.2	582	272	21	6	455	10	577	7.5e-39	161.8
PIENAPT00000018329	ENSP00000444171.1	25.9	506	181	10	81	431	134	600	2.2e-38	160.2
PIENAPT00000018329	ENSP00000348668.2	25.9	506	181	10	81	431	134	600	2.2e-38	160.2
PIENAPT00000018329	ENSP00000447852.1	29.2	517	229	19	63	455	71	574	3.7e-38	159.5
PIENAPT00000018329	ENSP00000288988.6	27.5	495	228	18	78	454	68	549	3.5e-36	152.9
PIENAPT00000018329	ENSP00000385435.1	27.5	495	228	18	78	454	48	529	3.5e-36	152.9
PIENAPT00000018329	ENSP00000423313.1	26.6	493	239	16	81	456	100	586	1.0e-35	151.4
PIENAPT00000018329	ENSP00000423827.1	26.6	493	239	16	81	456	83	569	1.0e-35	151.4
PIENAPT00000018329	ENSP00000336729.4	27.1	521	250	20	50	454	48	554	2.3e-35	150.2
PIENAPT00000018329	ENSP00000402970.3	27.1	521	250	20	50	454	48	554	2.3e-35	150.2
PIENAPT00000018329	ENSP00000376465.3	26.6	462	154	10	64	373	125	553	8.6e-35	148.3
PIENAPT00000018329	ENSP00000265000.4	26.0	519	241	18	64	455	150	652	1.6e-33	144.1
PIENAPT00000018329	ENSP00000500791.1	26.8	407	178	10	63	355	94	494	3.6e-33	142.9
PIENAPT00000018329	ENSP00000329846.8	26.8	407	178	10	63	355	94	494	3.6e-33	142.9
PIENAPT00000018329	ENSP00000451420.1	28.7	383	162	10	50	322	48	429	5.2e-32	139.0
PIENAPT00000018329	ENSP00000451200.1	28.7	383	162	10	50	322	48	429	5.2e-32	139.0
PIENAPT00000018329	ENSP00000227756.4	24.5	539	200	15	75	454	108	598	1.2e-31	137.9
PIENAPT00000018329	ENSP00000364150.3	32.7	297	130	9	208	452	296	574	2.6e-31	136.7
PIENAPT00000018329	ENSP00000386955.1	35.7	199	79	4	223	373	94	291	6.4e-30	132.1
PIENAPT00000018325	ENSP00000376570.3	35.8	536	251	11	64	552	58	547	3.5e-85	315.8
PIENAPT00000018325	ENSP00000387239.1	38.6	464	202	9	64	481	58	484	3.3e-83	309.3
PIENAPT00000018325	ENSP00000269195.4	34.3	510	242	11	90	552	85	548	4.4e-80	298.9
PIENAPT00000018325	ENSP00000436604.2	34.8	618	285	17	6	555	10	577	3.7e-79	295.8
PIENAPT00000018325	ENSP00000447852.1	36.5	553	242	15	63	555	71	574	2.4e-78	293.1
PIENAPT00000018325	ENSP00000355632.4	34.0	532	249	11	70	552	85	563	3.2e-78	292.7
PIENAPT00000018325	ENSP00000395122.2	33.6	532	247	9	88	555	118	607	1.1e-73	277.7
PIENAPT00000018325	ENSP00000416787.1	33.6	532	247	9	88	555	118	607	1.1e-73	277.7
PIENAPT00000018325	ENSP00000444171.1	33.4	509	239	10	81	531	134	600	2.2e-71	270.0
PIENAPT00000018325	ENSP00000348668.2	33.4	509	239	10	81	531	134	600	2.2e-71	270.0
PIENAPT00000018325	ENSP00000364150.3	34.9	518	237	13	89	552	103	574	3.7e-71	269.2
PIENAPT00000018325	ENSP00000297107.6	33.6	533	264	14	75	557	100	592	7.1e-70	265.0
PIENAPT00000018325	ENSP00000376465.3	34.8	465	212	9	64	473	125	553	3.9e-68	259.2
PIENAPT00000018325	ENSP00000336729.4	32.7	559	270	17	50	554	48	554	8.6e-68	258.1
PIENAPT00000018325	ENSP00000402970.3	32.7	559	270	17	50	554	48	554	8.6e-68	258.1
PIENAPT00000018325	ENSP00000288988.6	32.5	532	254	15	78	554	68	549	1.2e-66	254.2
PIENAPT00000018325	ENSP00000385435.1	32.5	532	254	15	78	554	48	529	1.2e-66	254.2
PIENAPT00000018325	ENSP00000423313.1	31.5	530	266	13	81	556	100	586	3.1e-65	249.6
PIENAPT00000018325	ENSP00000423827.1	31.5	530	266	13	81	556	83	569	3.1e-65	249.6
PIENAPT00000018325	ENSP00000465341.1	43.5	294	131	3	90	382	85	344	4.0e-65	249.2
PIENAPT00000018325	ENSP00000344260.5	32.5	523	255	13	93	563	163	639	1.2e-64	247.7
PIENAPT00000018325	ENSP00000451420.1	36.1	421	182	7	50	422	48	429	2.0e-64	246.9
PIENAPT00000018325	ENSP00000451200.1	36.1	421	182	7	50	422	48	429	2.0e-64	246.9
PIENAPT00000018325	ENSP00000259056.4	36.4	387	164	6	81	420	456	807	8.4e-63	241.5
PIENAPT00000018325	ENSP00000265000.4	31.2	554	268	18	64	555	150	652	1.9e-62	240.4
PIENAPT00000018326	ENSP00000497305.1	30.5	177	107	8	48	217	390	557	2.3e-10	66.6
PIENAPT00000018326	ENSP00000252318.2	30.5	177	107	8	48	217	460	627	2.3e-10	66.6
PIENAPT00000018326	ENSP00000447852.1	28.8	184	102	8	48	215	404	574	5.7e-09	62.0
PIENAPT00000018326	ENSP00000436604.2	28.8	184	102	8	48	215	407	577	5.7e-09	62.0
PIENAPT00000018326	ENSP00000500654.1	41.6	77	38	4	43	115	55	128	2.2e-08	60.1
PIENAPT00000018326	ENSP00000500049.1	41.6	77	38	4	43	115	194	267	2.2e-08	60.1
PIENAPT00000018326	ENSP00000500791.1	41.6	77	38	4	43	115	421	494	2.2e-08	60.1
PIENAPT00000018326	ENSP00000500593.1	41.6	77	38	4	43	115	55	128	2.2e-08	60.1
PIENAPT00000018326	ENSP00000380488.2	41.6	77	38	4	43	115	55	128	2.2e-08	60.1
PIENAPT00000018326	ENSP00000394446.2	41.6	77	38	4	43	115	194	267	2.2e-08	60.1
PIENAPT00000018326	ENSP00000329846.8	41.6	77	38	4	43	115	421	494	2.2e-08	60.1
PIENAPT00000018326	ENSP00000440544.1	41.6	77	38	4	43	115	55	128	2.2e-08	60.1
PIENAPT00000018326	ENSP00000336729.4	27.7	173	106	10	48	214	395	554	2.6e-06	53.1
PIENAPT00000018326	ENSP00000402970.3	27.7	173	106	10	48	214	395	554	2.6e-06	53.1
PIENAPT00000018333	ENSP00000355632.4	47.0	181	89	6	4	183	331	505	8.4e-40	162.9
PIENAPT00000018333	ENSP00000376570.3	45.7	175	87	7	4	175	315	484	1.2e-38	159.1
PIENAPT00000018333	ENSP00000387239.1	45.7	175	87	7	4	175	315	484	1.2e-38	159.1
PIENAPT00000018333	ENSP00000269195.4	43.7	174	92	6	4	175	316	485	7.9e-38	156.4
PIENAPT00000018333	ENSP00000444171.1	44.6	168	88	3	4	167	379	545	1.3e-37	155.6
PIENAPT00000018333	ENSP00000348668.2	44.6	168	88	3	4	167	379	545	1.3e-37	155.6
PIENAPT00000018333	ENSP00000376465.3	44.6	168	88	3	4	167	387	553	1.8e-37	155.2
PIENAPT00000018333	ENSP00000386955.1	44.6	168	88	3	4	167	125	291	1.8e-37	155.2
PIENAPT00000018333	ENSP00000447852.1	44.2	190	93	6	1	183	328	511	8.1e-35	146.4
PIENAPT00000018333	ENSP00000436604.2	44.2	190	93	6	1	183	331	514	8.1e-35	146.4
PIENAPT00000018333	ENSP00000314500.5	41.4	174	95	5	4	172	310	481	1.8e-34	145.2
PIENAPT00000018333	ENSP00000288988.6	41.4	174	95	5	4	172	305	476	1.8e-34	145.2
PIENAPT00000018333	ENSP00000385435.1	41.4	174	95	5	4	172	285	456	1.8e-34	145.2
PIENAPT00000018333	ENSP00000364150.3	44.2	172	85	5	1	167	332	497	1.7e-32	138.7
PIENAPT00000018333	ENSP00000406399.1	48.1	131	65	3	4	133	272	400	2.2e-32	138.3
PIENAPT00000018333	ENSP00000395122.2	56.6	106	45	1	4	109	350	454	1.1e-31	136.0
PIENAPT00000018333	ENSP00000416787.1	56.6	106	45	1	4	109	350	454	1.1e-31	136.0
PIENAPT00000018333	ENSP00000259056.4	51.3	113	53	2	4	114	695	807	2.4e-31	134.8
PIENAPT00000018333	ENSP00000336729.4	52.6	114	52	2	4	116	317	429	2.4e-31	134.8
PIENAPT00000018333	ENSP00000402970.3	52.6	114	52	2	4	116	317	429	2.4e-31	134.8
PIENAPT00000018333	ENSP00000451420.1	52.6	114	52	2	4	116	317	429	2.4e-31	134.8
PIENAPT00000018333	ENSP00000451200.1	52.6	114	52	2	4	116	317	429	2.4e-31	134.8
PIENAPT00000018333	ENSP00000297107.6	45.3	150	74	6	4	148	342	488	2.1e-30	131.7
PIENAPT00000018333	ENSP00000366889.2	45.3	150	74	6	4	148	280	426	2.1e-30	131.7
PIENAPT00000018333	ENSP00000252318.2	39.5	190	102	7	4	186	381	564	7.9e-30	129.8
PIENAPT00000009322	ENSP00000251047.4	44.4	468	243	6	27	488	43	499	4.1e-88	324.7
PIENAPT00000009322	ENSP00000310431.5	43.5	246	134	4	9	252	10	252	1.7e-49	196.4
PIENAPT00000009322	ENSP00000303366.7	36.5	219	131	4	33	247	57	271	1.5e-37	156.8
PIENAPT00000009322	ENSP00000511580.1	36.5	219	131	4	33	247	57	271	1.5e-37	156.8
PIENAPT00000009322	ENSP00000423998.1	36.5	219	131	4	33	247	57	271	1.5e-37	156.8
PIENAPT00000009322	ENSP00000425229.1	34.2	219	129	4	33	247	57	264	9.8e-34	144.1
PIENAPT00000009323	ENSP00000251047.4	44.9	479	247	6	27	499	43	510	2.8e-92	338.6
PIENAPT00000009323	ENSP00000310431.5	43.5	246	134	4	9	252	10	252	1.7e-49	196.4
PIENAPT00000009323	ENSP00000303366.7	36.5	219	131	4	33	247	57	271	1.5e-37	156.8
PIENAPT00000009323	ENSP00000511580.1	36.5	219	131	4	33	247	57	271	1.5e-37	156.8
PIENAPT00000009323	ENSP00000423998.1	36.5	219	131	4	33	247	57	271	1.5e-37	156.8
PIENAPT00000009323	ENSP00000425229.1	34.2	219	129	4	33	247	57	264	1.0e-33	144.1
PIENAPT00000004933	ENSP00000361140.3	36.8	291	139	6	24	271	33	321	8.3e-46	183.3
PIENAPT00000004933	ENSP00000480713.1	36.8	291	139	6	24	271	33	321	8.3e-46	183.3
PIENAPT00000004933	ENSP00000312606.4	36.8	291	139	6	24	271	33	321	8.3e-46	183.3
PIENAPT00000004933	ENSP00000242375.3	38.4	279	138	6	27	271	44	322	1.4e-45	182.6
PIENAPT00000004933	ENSP00000370129.4	37.1	302	156	6	4	271	18	319	4.1e-45	181.0
PIENAPT00000004933	ENSP00000370254.4	38.2	293	146	7	14	271	27	319	7.0e-45	180.3
PIENAPT00000004933	ENSP00000401327.3	37.8	291	146	7	16	271	29	319	2.7e-44	178.3
PIENAPT00000004933	ENSP00000474882.1	37.8	291	146	7	16	271	6	296	2.7e-44	178.3
PIENAPT00000004933	ENSP00000369927.3	37.8	291	146	7	16	271	29	319	2.7e-44	178.3
PIENAPT00000004933	ENSP00000369814.1	37.1	291	148	7	16	271	29	319	5.9e-44	177.2
PIENAPT00000004933	ENSP00000263126.1	37.1	291	148	7	16	271	29	319	5.9e-44	177.2
PIENAPT00000004933	ENSP00000392694.2	36.4	291	147	5	4	271	18	293	6.1e-41	167.2
PIENAPT00000004933	ENSP00000352584.4	35.4	280	144	8	27	271	35	312	1.5e-39	162.5
PIENAPT00000004933	ENSP00000389289.1	33.8	281	149	8	27	272	63	341	4.1e-37	154.5
PIENAPT00000004933	ENSP00000498877.1	33.8	281	149	8	27	272	35	313	4.1e-37	154.5
PIENAPT00000004933	ENSP00000397009.2	33.8	281	149	8	27	272	63	341	4.1e-37	154.5
PIENAPT00000004933	ENSP00000496804.1	34.1	279	150	5	27	271	44	322	7.0e-37	153.7
PIENAPT00000004933	ENSP00000298375.7	32.6	298	141	8	27	271	26	316	5.9e-36	150.6
PIENAPT00000004933	ENSP00000436794.1	32.9	283	130	8	27	256	26	301	3.0e-35	148.3
PIENAPT00000004933	ENSP00000389197.1	36.6	243	120	6	27	235	44	286	1.1e-34	146.4
PIENAPT00000004933	ENSP00000402374.2	35.3	252	142	4	27	271	44	281	1.9e-34	145.6
PIENAPT00000004933	ENSP00000416415.1	40.1	207	96	5	55	233	42	248	1.2e-31	136.3
PIENAPT00000004933	ENSP00000474566.1	43.4	175	80	5	4	159	18	192	7.0e-29	127.1
PIENAPT00000004933	ENSP00000335034.4	29.2	281	116	5	27	271	26	259	4.6e-28	124.4
PIENAPT00000004933	ENSP00000370240.1	44.1	170	75	6	14	163	29	198	6.0e-28	124.0
PIENAPT00000004934	ENSP00000361140.3	36.8	291	139	6	24	271	33	321	8.3e-46	183.3
PIENAPT00000004934	ENSP00000480713.1	36.8	291	139	6	24	271	33	321	8.3e-46	183.3
PIENAPT00000004934	ENSP00000312606.4	36.8	291	139	6	24	271	33	321	8.3e-46	183.3
PIENAPT00000004934	ENSP00000242375.3	38.4	279	138	6	27	271	44	322	1.4e-45	182.6
PIENAPT00000004934	ENSP00000370129.4	37.1	302	156	6	4	271	18	319	4.1e-45	181.0
PIENAPT00000004934	ENSP00000370254.4	38.2	293	146	7	14	271	27	319	7.0e-45	180.3
PIENAPT00000004934	ENSP00000401327.3	37.8	291	146	7	16	271	29	319	2.7e-44	178.3
PIENAPT00000004934	ENSP00000474882.1	37.8	291	146	7	16	271	6	296	2.7e-44	178.3
PIENAPT00000004934	ENSP00000369927.3	37.8	291	146	7	16	271	29	319	2.7e-44	178.3
PIENAPT00000004934	ENSP00000369814.1	37.1	291	148	7	16	271	29	319	5.9e-44	177.2
PIENAPT00000004934	ENSP00000263126.1	37.1	291	148	7	16	271	29	319	5.9e-44	177.2
PIENAPT00000004934	ENSP00000392694.2	36.4	291	147	5	4	271	18	293	6.1e-41	167.2
PIENAPT00000004934	ENSP00000352584.4	35.4	280	144	8	27	271	35	312	1.5e-39	162.5
PIENAPT00000004934	ENSP00000389289.1	33.8	281	149	8	27	272	63	341	4.1e-37	154.5
PIENAPT00000004934	ENSP00000498877.1	33.8	281	149	8	27	272	35	313	4.1e-37	154.5
PIENAPT00000004934	ENSP00000397009.2	33.8	281	149	8	27	272	63	341	4.1e-37	154.5
PIENAPT00000004934	ENSP00000496804.1	34.1	279	150	5	27	271	44	322	7.0e-37	153.7
PIENAPT00000004934	ENSP00000298375.7	32.6	298	141	8	27	271	26	316	5.9e-36	150.6
PIENAPT00000004934	ENSP00000436794.1	32.9	283	130	8	27	256	26	301	3.0e-35	148.3
PIENAPT00000004934	ENSP00000389197.1	36.6	243	120	6	27	235	44	286	1.1e-34	146.4
PIENAPT00000004934	ENSP00000402374.2	35.3	252	142	4	27	271	44	281	1.9e-34	145.6
PIENAPT00000004934	ENSP00000416415.1	40.1	207	96	5	55	233	42	248	1.2e-31	136.3
PIENAPT00000004934	ENSP00000474566.1	43.4	175	80	5	4	159	18	192	7.0e-29	127.1
PIENAPT00000004934	ENSP00000335034.4	29.2	281	116	5	27	271	26	259	4.6e-28	124.4
PIENAPT00000004934	ENSP00000370240.1	44.1	170	75	6	14	163	29	198	6.0e-28	124.0
PIENAPT00000016121	ENSP00000370129.4	37.9	319	178	3	14	319	8	319	3.5e-56	218.0
PIENAPT00000016121	ENSP00000285930.3	38.0	324	177	5	10	320	1	313	1.0e-55	216.5
PIENAPT00000016121	ENSP00000370254.4	37.9	319	178	3	14	319	8	319	1.3e-55	216.1
PIENAPT00000016121	ENSP00000369814.1	38.2	319	177	3	14	319	8	319	6.6e-55	213.8
PIENAPT00000016121	ENSP00000263126.1	38.2	319	177	3	14	319	8	319	6.6e-55	213.8
PIENAPT00000016121	ENSP00000496804.1	39.2	324	169	5	13	319	10	322	4.3e-54	211.1
PIENAPT00000016121	ENSP00000369927.3	36.7	319	182	3	14	319	8	319	5.6e-54	210.7
PIENAPT00000016121	ENSP00000401327.3	36.4	319	183	3	14	319	8	319	1.2e-53	209.5
PIENAPT00000016121	ENSP00000361140.3	36.3	331	179	5	11	320	3	322	2.8e-53	208.4
PIENAPT00000016121	ENSP00000480713.1	36.3	331	179	5	11	320	3	322	2.8e-53	208.4
PIENAPT00000016121	ENSP00000312606.4	36.3	331	179	5	11	320	3	322	2.8e-53	208.4
PIENAPT00000016121	ENSP00000392694.2	37.7	308	168	3	14	319	8	293	3.6e-53	208.0
PIENAPT00000016121	ENSP00000298375.7	34.4	331	168	4	22	320	4	317	3.1e-52	204.9
PIENAPT00000016121	ENSP00000352584.4	35.7	325	185	6	10	321	1	314	1.4e-49	196.1
PIENAPT00000016121	ENSP00000474882.1	37.3	279	162	2	54	319	18	296	5.4e-49	194.1
PIENAPT00000016121	ENSP00000436794.1	33.4	320	164	4	22	309	4	306	6.0e-48	190.7
PIENAPT00000016121	ENSP00000498877.1	35.0	323	186	6	10	319	1	312	1.7e-47	189.1
PIENAPT00000016121	ENSP00000389289.1	33.7	323	195	5	10	319	24	340	3.6e-45	181.4
PIENAPT00000016121	ENSP00000397009.2	33.7	323	195	5	10	319	24	340	3.6e-45	181.4
PIENAPT00000016121	ENSP00000414399.1	38.2	259	136	5	10	255	1	248	1.1e-41	169.9
PIENAPT00000016121	ENSP00000416415.1	34.2	281	133	3	14	281	7	248	3.7e-37	154.8
PIENAPT00000016121	ENSP00000335034.4	29.2	329	131	3	22	320	4	260	1.1e-36	153.3
PIENAPT00000016121	ENSP00000474566.1	43.8	194	89	3	14	194	8	194	2.4e-36	152.1
PIENAPT00000016121	ENSP00000432947.1	28.0	318	127	3	22	309	4	249	1.6e-32	139.4
PIENAPT00000016121	ENSP00000370240.1	43.3	157	78	1	39	184	28	184	1.6e-29	129.4
PIENAPT00000013497	ENSP00000490662.2	41.5	942	418	17	73	900	1	923	4.3e-169	594.7
PIENAPT00000013497	ENSP00000453508.1	41.5	942	418	17	73	900	1	923	4.3e-169	594.7
PIENAPT00000013497	ENSP00000316029.9	41.3	986	444	17	73	945	1	964	4.7e-168	591.3
PIENAPT00000013504	ENSP00000490662.2	62.7	126	46	1	1	126	1	125	9.0e-40	162.2
PIENAPT00000013504	ENSP00000453508.1	62.7	126	46	1	1	126	1	125	9.0e-40	162.2
PIENAPT00000013504	ENSP00000316029.9	63.5	126	43	2	1	126	1	123	1.3e-38	158.3
PIENAPT00000013498	ENSP00000490662.2	61.5	143	51	2	1	140	1	142	8.7e-45	179.1
PIENAPT00000013498	ENSP00000453508.1	61.5	143	51	2	1	140	1	142	8.7e-45	179.1
PIENAPT00000013498	ENSP00000316029.9	63.6	143	46	3	1	140	1	140	4.3e-44	176.8
PIENAPT00000013503	ENSP00000316029.9	56.2	655	262	7	1	652	72	704	1.6e-194	678.7
PIENAPT00000013503	ENSP00000490662.2	52.6	699	307	6	1	696	74	751	1.6e-191	668.7
PIENAPT00000013503	ENSP00000453508.1	52.6	699	307	6	1	696	74	751	1.6e-191	668.7
PIENAPT00000013503	ENSP00000386331.3	24.2	207	148	6	107	308	1971	2173	3.7e-10	66.2
PIENAPT00000013503	ENSP00000386635.2	24.2	207	148	6	107	308	1922	2124	3.7e-10	66.2
PIENAPT00000013503	ENSP00000417017.2	24.2	207	148	6	107	308	1113	1315	3.7e-10	66.2
PIENAPT00000013503	ENSP00000386461.3	26.0	231	148	7	86	307	1879	2095	6.3e-10	65.5
PIENAPT00000013503	ENSP00000415090.1	26.0	231	148	7	86	307	1853	2069	6.3e-10	65.5
PIENAPT00000013503	ENSP00000386850.1	26.0	231	148	7	86	307	706	922	6.3e-10	65.5
PIENAPT00000013501	ENSP00000316029.9	64.8	91	27	1	4	89	171	261	1.2e-28	124.8
PIENAPT00000013501	ENSP00000490662.2	62.0	92	30	1	3	89	172	263	1.1e-26	118.2
PIENAPT00000013501	ENSP00000453508.1	62.0	92	30	1	3	89	172	263	1.1e-26	118.2
PIENAPT00000013502	ENSP00000490662.2	41.1	676	352	12	5	652	266	923	1.6e-115	416.4
PIENAPT00000013502	ENSP00000453508.1	41.1	676	352	12	5	652	266	923	1.6e-115	416.4
PIENAPT00000013502	ENSP00000316029.9	40.6	720	382	11	5	697	264	964	3.8e-114	411.8
PIENAPT00000013500	ENSP00000316029.9	34.9	556	338	9	2	551	427	964	9.1e-58	224.2
PIENAPT00000013500	ENSP00000490662.2	34.8	512	309	11	2	506	430	923	1.7e-56	219.9
PIENAPT00000013500	ENSP00000453508.1	34.8	512	309	11	2	506	430	923	1.7e-56	219.9
PIENAPT00000003296	ENSP00000490662.2	38.4	362	207	4	3	357	1134	1486	9.1e-53	206.8
PIENAPT00000003296	ENSP00000453508.1	38.4	362	207	4	3	357	1134	1486	9.1e-53	206.8
PIENAPT00000003296	ENSP00000453730.1	38.4	362	207	4	3	357	48	400	9.1e-53	206.8
PIENAPT00000003296	ENSP00000316029.9	37.2	363	218	5	3	361	1132	1488	1.0e-48	193.4
PIENAPT00000014654	ENSP00000490662.2	28.7	725	443	11	1	661	1615	2329	9.4e-60	232.3
PIENAPT00000014654	ENSP00000490662.2	48.4	250	111	4	957	1200	2117	2354	1.9e-44	181.4
PIENAPT00000014654	ENSP00000453508.1	28.7	725	443	11	1	661	1615	2329	9.4e-60	232.3
PIENAPT00000014654	ENSP00000453508.1	48.4	250	111	4	957	1200	2117	2354	1.9e-44	181.4
PIENAPT00000014654	ENSP00000453730.1	28.7	725	443	11	1	661	529	1243	9.4e-60	232.3
PIENAPT00000014654	ENSP00000453730.1	48.4	250	111	4	957	1200	1031	1268	1.9e-44	181.4
PIENAPT00000014654	ENSP00000316029.9	38.5	514	253	6	1	458	1613	2119	1.2e-57	225.3
PIENAPT00000014654	ENSP00000316029.9	46.7	246	113	4	961	1200	2120	2353	9.5e-44	179.1
PIENAPT00000014654	ENSP00000453812.1	31.9	307	194	4	1	298	8	308	6.8e-34	146.4
PIENAPT00000014655	ENSP00000490662.2	28.7	725	443	11	1	661	1615	2329	9.2e-60	232.3
PIENAPT00000014655	ENSP00000490662.2	48.4	250	111	4	957	1200	2117	2354	1.9e-44	181.4
PIENAPT00000014655	ENSP00000453508.1	28.7	725	443	11	1	661	1615	2329	9.2e-60	232.3
PIENAPT00000014655	ENSP00000453508.1	48.4	250	111	4	957	1200	2117	2354	1.9e-44	181.4
PIENAPT00000014655	ENSP00000453730.1	28.7	725	443	11	1	661	529	1243	9.2e-60	232.3
PIENAPT00000014655	ENSP00000453730.1	48.4	250	111	4	957	1200	1031	1268	1.9e-44	181.4
PIENAPT00000014655	ENSP00000316029.9	38.5	514	253	6	1	458	1613	2119	1.1e-57	225.3
PIENAPT00000014655	ENSP00000316029.9	46.7	246	113	4	961	1200	2120	2353	9.2e-44	179.1
PIENAPT00000014655	ENSP00000453812.1	31.9	307	194	4	1	298	8	308	6.6e-34	146.4
PIENAPT00000014656	ENSP00000490662.2	28.7	725	443	11	1	661	1615	2329	9.2e-60	232.3
PIENAPT00000014656	ENSP00000490662.2	48.4	250	111	4	957	1200	2117	2354	1.9e-44	181.4
PIENAPT00000014656	ENSP00000453508.1	28.7	725	443	11	1	661	1615	2329	9.2e-60	232.3
PIENAPT00000014656	ENSP00000453508.1	48.4	250	111	4	957	1200	2117	2354	1.9e-44	181.4
PIENAPT00000014656	ENSP00000453730.1	28.7	725	443	11	1	661	529	1243	9.2e-60	232.3
PIENAPT00000014656	ENSP00000453730.1	48.4	250	111	4	957	1200	1031	1268	1.9e-44	181.4
PIENAPT00000014656	ENSP00000316029.9	38.5	514	253	6	1	458	1613	2119	1.1e-57	225.3
PIENAPT00000014656	ENSP00000316029.9	46.7	246	113	4	961	1200	2120	2353	9.2e-44	179.1
PIENAPT00000014656	ENSP00000453812.1	31.9	307	194	4	1	298	8	308	6.6e-34	146.4
PIENAPT00000014657	ENSP00000490662.2	28.7	725	443	11	1	661	1615	2329	9.3e-60	232.3
PIENAPT00000014657	ENSP00000490662.2	48.4	250	111	4	957	1200	2117	2354	1.9e-44	181.4
PIENAPT00000014657	ENSP00000453508.1	28.7	725	443	11	1	661	1615	2329	9.3e-60	232.3
PIENAPT00000014657	ENSP00000453508.1	48.4	250	111	4	957	1200	2117	2354	1.9e-44	181.4
PIENAPT00000014657	ENSP00000453730.1	28.7	725	443	11	1	661	529	1243	9.3e-60	232.3
PIENAPT00000014657	ENSP00000453730.1	48.4	250	111	4	957	1200	1031	1268	1.9e-44	181.4
PIENAPT00000014657	ENSP00000316029.9	38.5	514	253	6	1	458	1613	2119	1.1e-57	225.3
PIENAPT00000014657	ENSP00000316029.9	46.7	246	113	4	961	1200	2120	2353	9.4e-44	179.1
PIENAPT00000014657	ENSP00000453812.1	31.9	307	194	4	1	298	8	308	6.7e-34	146.4
PIENAPT00000014658	ENSP00000490662.2	28.7	725	443	11	1	661	1615	2329	9.2e-60	232.3
PIENAPT00000014658	ENSP00000490662.2	48.4	250	111	4	957	1200	2117	2354	1.9e-44	181.4
PIENAPT00000014658	ENSP00000453508.1	28.7	725	443	11	1	661	1615	2329	9.2e-60	232.3
PIENAPT00000014658	ENSP00000453508.1	48.4	250	111	4	957	1200	2117	2354	1.9e-44	181.4
PIENAPT00000014658	ENSP00000453730.1	28.7	725	443	11	1	661	529	1243	9.2e-60	232.3
PIENAPT00000014658	ENSP00000453730.1	48.4	250	111	4	957	1200	1031	1268	1.9e-44	181.4
PIENAPT00000014658	ENSP00000316029.9	38.5	514	253	6	1	458	1613	2119	1.1e-57	225.3
PIENAPT00000014658	ENSP00000316029.9	46.7	246	113	4	961	1200	2120	2353	9.2e-44	179.1
PIENAPT00000014658	ENSP00000453812.1	31.9	307	194	4	1	298	8	308	6.6e-34	146.4
PIENAPT00000014659	ENSP00000490662.2	28.7	725	443	11	1	661	1615	2329	9.1e-60	232.3
PIENAPT00000014659	ENSP00000490662.2	48.4	250	111	4	957	1200	2117	2354	1.8e-44	181.4
PIENAPT00000014659	ENSP00000453508.1	28.7	725	443	11	1	661	1615	2329	9.1e-60	232.3
PIENAPT00000014659	ENSP00000453508.1	48.4	250	111	4	957	1200	2117	2354	1.8e-44	181.4
PIENAPT00000014659	ENSP00000453730.1	28.7	725	443	11	1	661	529	1243	9.1e-60	232.3
PIENAPT00000014659	ENSP00000453730.1	48.4	250	111	4	957	1200	1031	1268	1.8e-44	181.4
PIENAPT00000014659	ENSP00000316029.9	38.5	514	253	6	1	458	1613	2119	1.1e-57	225.3
PIENAPT00000014659	ENSP00000316029.9	46.7	246	113	4	961	1200	2120	2353	9.2e-44	179.1
PIENAPT00000014659	ENSP00000453812.1	31.9	307	194	4	1	298	8	308	6.6e-34	146.4
PIENAPT00000013903	ENSP00000365907.2	52.4	189	89	1	284	471	129	317	4.9e-54	211.5
PIENAPT00000013903	ENSP00000365908.3	52.4	189	89	1	284	471	2864	3052	4.9e-54	211.5
PIENAPT00000013903	ENSP00000397425.1	52.4	189	89	1	284	471	2506	2694	4.9e-54	211.5
PIENAPT00000013903	ENSP00000389706.1	51.3	193	90	2	284	472	2186	2378	7.0e-53	207.6
PIENAPT00000013903	ENSP00000393843.3	51.3	193	90	2	284	472	2864	3056	7.0e-53	207.6
PIENAPT00000013903	ENSP00000475320.1	43.5	248	128	4	233	471	56	300	1.2e-52	206.8
PIENAPT00000013903	ENSP00000267859.4	43.5	248	128	4	233	471	56	300	1.2e-52	206.8
PIENAPT00000013903	ENSP00000412767.3	43.5	248	128	4	233	471	56	300	1.2e-52	206.8
PIENAPT00000013903	ENSP00000479818.1	43.5	248	128	4	233	471	177	421	1.2e-52	206.8
PIENAPT00000013903	ENSP00000393657.1	48.4	223	106	4	261	474	6	228	2.7e-52	205.7
PIENAPT00000013903	ENSP00000393644.1	49.4	178	89	1	295	471	1	178	2.8e-49	195.7
PIENAPT00000013903	ENSP00000390941.1	47.2	176	92	1	300	474	152	327	2.4e-45	182.6
PIENAPT00000013903	ENSP00000470842.1	47.2	176	92	1	300	474	152	327	2.4e-45	182.6
PIENAPT00000013903	ENSP00000497659.1	40.4	208	117	4	268	471	62	266	1.2e-41	170.2
PIENAPT00000013903	ENSP00000357927.3	40.4	208	117	4	268	471	144	348	1.2e-41	170.2
PIENAPT00000013903	ENSP00000295294.7	40.4	208	117	4	268	471	62	266	1.2e-41	170.2
PIENAPT00000013903	ENSP00000355333.5	40.4	208	117	4	268	471	128	332	1.2e-41	170.2
PIENAPT00000013903	ENSP00000435072.1	38.6	145	82	4	268	408	62	203	1.2e-23	110.5
PIENAPT00000013903	ENSP00000310491.4	32.6	193	112	4	284	471	35	214	4.4e-23	108.6
PIENAPT00000013903	ENSP00000354732.5	34.0	156	94	2	321	471	144	295	5.4e-21	101.7
PIENAPT00000013903	ENSP00000425026.1	34.0	156	94	2	321	471	67	218	5.4e-21	101.7
PIENAPT00000013903	ENSP00000337287.4	34.0	156	94	2	321	471	13	164	5.4e-21	101.7
PIENAPT00000013903	ENSP00000348407.6	34.0	156	94	2	321	471	13	164	5.4e-21	101.7
PIENAPT00000013903	ENSP00000432794.1	32.2	171	98	4	284	449	35	192	5.1e-19	95.1
PIENAPT00000013903	ENSP00000374424.2	28.9	187	93	3	321	471	13	195	1.8e-16	86.7
PIENAPT00000020152	ENSP00000264110.2	54.0	87	35	2	1	86	19	101	7.9e-21	100.9
PIENAPT00000020152	ENSP00000386326.1	54.0	87	35	2	1	86	1	83	7.9e-21	100.9
PIENAPT00000020152	ENSP00000406995.2	54.0	87	35	2	1	86	8	90	7.9e-21	100.9
PIENAPT00000020152	ENSP00000412293.1	54.0	87	35	2	1	86	19	101	7.9e-21	100.9
PIENAPT00000020152	ENSP00000376327.1	54.0	87	35	2	1	86	19	101	7.9e-21	100.9
PIENAPT00000020152	ENSP00000389504.1	54.0	87	35	2	1	86	19	101	7.9e-21	100.9
PIENAPT00000020152	ENSP00000410224.1	54.0	87	35	2	1	86	19	101	7.9e-21	100.9
PIENAPT00000020152	ENSP00000402229.1	54.0	87	35	2	1	86	19	101	7.9e-21	100.9
PIENAPT00000020152	ENSP00000386526.1	54.0	87	35	2	1	86	19	101	7.9e-21	100.9
PIENAPT00000020152	ENSP00000407911.3	54.0	87	35	2	1	86	1	83	7.9e-21	100.9
PIENAPT00000020152	ENSP00000449938.1	46.4	97	47	2	1	96	1	93	1.3e-18	93.6
PIENAPT00000020152	ENSP00000468623.1	46.4	97	47	2	1	96	1	93	1.3e-18	93.6
PIENAPT00000020152	ENSP00000456858.1	46.4	97	47	2	1	96	1	93	1.3e-18	93.6
PIENAPT00000020152	ENSP00000465192.1	46.4	97	47	2	1	96	1	93	1.3e-18	93.6
PIENAPT00000020152	ENSP00000466174.1	49.4	87	39	2	1	86	1	83	2.8e-18	92.4
PIENAPT00000020152	ENSP00000399465.1	49.4	87	39	2	1	86	1	83	2.8e-18	92.4
PIENAPT00000020152	ENSP00000387406.3	49.4	87	39	2	1	86	1	83	2.8e-18	92.4
PIENAPT00000020152	ENSP00000394088.1	35.9	103	66	0	1	103	3	105	3.4e-16	85.5
PIENAPT00000020152	ENSP00000350359.2	35.9	103	66	0	1	103	10	112	3.4e-16	85.5
PIENAPT00000020152	ENSP00000379594.2	35.9	103	66	0	1	103	3	105	3.4e-16	85.5
PIENAPT00000020152	ENSP00000379593.2	32.1	78	53	0	26	103	2	79	1.7e-07	56.6
PIENAPT00000020152	ENSP00000387197.1	32.1	78	53	0	26	103	2	79	1.7e-07	56.6
PIENAPT00000020152	ENSP00000340576.5	61.5	39	11	1	48	86	9	43	8.5e-07	54.3
PIENAPT00000020152	ENSP00000387093.1	61.5	39	11	1	48	86	9	43	8.5e-07	54.3
PIENAPT00000020152	ENSP00000416854.1	61.5	39	11	1	48	86	9	43	8.5e-07	54.3
PIENAPT00000020154	ENSP00000264110.2	50.5	97	43	2	36	131	9	101	3.3e-22	104.4
PIENAPT00000020154	ENSP00000412293.1	50.5	97	43	2	36	131	9	101	3.3e-22	104.4
PIENAPT00000020154	ENSP00000376327.1	50.5	97	43	2	36	131	9	101	3.3e-22	104.4
PIENAPT00000020154	ENSP00000389504.1	50.5	97	43	2	36	131	9	101	3.3e-22	104.4
PIENAPT00000020154	ENSP00000410224.1	50.5	97	43	2	36	131	9	101	3.3e-22	104.4
PIENAPT00000020154	ENSP00000402229.1	50.5	97	43	2	36	131	9	101	3.3e-22	104.4
PIENAPT00000020154	ENSP00000386526.1	50.5	97	43	2	36	131	9	101	3.3e-22	104.4
PIENAPT00000020154	ENSP00000406995.2	51.6	93	40	2	40	131	2	90	1.2e-21	102.4
PIENAPT00000020154	ENSP00000386326.1	54.0	87	35	2	46	131	1	83	3.6e-21	100.9
PIENAPT00000020154	ENSP00000407911.3	54.0	87	35	2	46	131	1	83	3.6e-21	100.9
PIENAPT00000020154	ENSP00000449938.1	46.4	97	47	2	46	141	1	93	5.8e-19	93.6
PIENAPT00000020154	ENSP00000468623.1	46.4	97	47	2	46	141	1	93	5.8e-19	93.6
PIENAPT00000020154	ENSP00000456858.1	46.4	97	47	2	46	141	1	93	5.8e-19	93.6
PIENAPT00000020154	ENSP00000465192.1	46.4	97	47	2	46	141	1	93	5.8e-19	93.6
PIENAPT00000020154	ENSP00000466174.1	49.4	87	39	2	46	131	1	83	1.3e-18	92.4
PIENAPT00000020154	ENSP00000399465.1	49.4	87	39	2	46	131	1	83	1.3e-18	92.4
PIENAPT00000020154	ENSP00000387406.3	49.4	87	39	2	46	131	1	83	1.3e-18	92.4
PIENAPT00000020154	ENSP00000394088.1	35.9	103	66	0	46	148	3	105	1.2e-16	85.9
PIENAPT00000020154	ENSP00000350359.2	35.9	103	66	0	46	148	10	112	1.2e-16	85.9
PIENAPT00000020154	ENSP00000379594.2	35.9	103	66	0	46	148	3	105	1.2e-16	85.9
PIENAPT00000020154	ENSP00000379593.2	32.1	78	53	0	71	148	2	79	6.0e-08	57.0
PIENAPT00000020154	ENSP00000387197.1	32.1	78	53	0	71	148	2	79	6.0e-08	57.0
PIENAPT00000020154	ENSP00000340576.5	61.5	39	11	1	93	131	9	43	3.9e-07	54.3
PIENAPT00000020154	ENSP00000387093.1	61.5	39	11	1	93	131	9	43	3.9e-07	54.3
PIENAPT00000020154	ENSP00000416854.1	61.5	39	11	1	93	131	9	43	3.9e-07	54.3
PIENAPT00000020156	ENSP00000264110.2	54.0	87	35	2	1	86	19	101	2.7e-21	100.9
PIENAPT00000020156	ENSP00000386326.1	54.0	87	35	2	1	86	1	83	2.7e-21	100.9
PIENAPT00000020156	ENSP00000406995.2	54.0	87	35	2	1	86	8	90	2.7e-21	100.9
PIENAPT00000020156	ENSP00000412293.1	54.0	87	35	2	1	86	19	101	2.7e-21	100.9
PIENAPT00000020156	ENSP00000376327.1	54.0	87	35	2	1	86	19	101	2.7e-21	100.9
PIENAPT00000020156	ENSP00000389504.1	54.0	87	35	2	1	86	19	101	2.7e-21	100.9
PIENAPT00000020156	ENSP00000410224.1	54.0	87	35	2	1	86	19	101	2.7e-21	100.9
PIENAPT00000020156	ENSP00000402229.1	54.0	87	35	2	1	86	19	101	2.7e-21	100.9
PIENAPT00000020156	ENSP00000386526.1	54.0	87	35	2	1	86	19	101	2.7e-21	100.9
PIENAPT00000020156	ENSP00000407911.3	54.0	87	35	2	1	86	1	83	2.7e-21	100.9
PIENAPT00000020156	ENSP00000449938.1	46.4	97	47	2	1	96	1	93	4.4e-19	93.6
PIENAPT00000020156	ENSP00000468623.1	46.4	97	47	2	1	96	1	93	4.4e-19	93.6
PIENAPT00000020156	ENSP00000456858.1	46.4	97	47	2	1	96	1	93	4.4e-19	93.6
PIENAPT00000020156	ENSP00000465192.1	46.4	97	47	2	1	96	1	93	4.4e-19	93.6
PIENAPT00000020156	ENSP00000466174.1	49.4	87	39	2	1	86	1	83	9.8e-19	92.4
PIENAPT00000020156	ENSP00000399465.1	49.4	87	39	2	1	86	1	83	9.8e-19	92.4
PIENAPT00000020156	ENSP00000387406.3	49.4	87	39	2	1	86	1	83	9.8e-19	92.4
PIENAPT00000020156	ENSP00000394088.1	35.9	103	66	0	1	103	3	105	9.2e-17	85.9
PIENAPT00000020156	ENSP00000350359.2	35.9	103	66	0	1	103	10	112	9.2e-17	85.9
PIENAPT00000020156	ENSP00000379594.2	35.9	103	66	0	1	103	3	105	9.2e-17	85.9
PIENAPT00000020156	ENSP00000379593.2	32.1	78	53	0	26	103	2	79	4.6e-08	57.0
PIENAPT00000020156	ENSP00000387197.1	32.1	78	53	0	26	103	2	79	4.6e-08	57.0
PIENAPT00000020156	ENSP00000340576.5	61.5	39	11	1	48	86	9	43	3.0e-07	54.3
PIENAPT00000020156	ENSP00000387093.1	61.5	39	11	1	48	86	9	43	3.0e-07	54.3
PIENAPT00000020156	ENSP00000416854.1	61.5	39	11	1	48	86	9	43	3.0e-07	54.3
PIENAPT00000020157	ENSP00000264110.2	54.0	87	35	2	1	86	19	101	2.7e-21	100.9
PIENAPT00000020157	ENSP00000386326.1	54.0	87	35	2	1	86	1	83	2.7e-21	100.9
PIENAPT00000020157	ENSP00000406995.2	54.0	87	35	2	1	86	8	90	2.7e-21	100.9
PIENAPT00000020157	ENSP00000412293.1	54.0	87	35	2	1	86	19	101	2.7e-21	100.9
PIENAPT00000020157	ENSP00000376327.1	54.0	87	35	2	1	86	19	101	2.7e-21	100.9
PIENAPT00000020157	ENSP00000389504.1	54.0	87	35	2	1	86	19	101	2.7e-21	100.9
PIENAPT00000020157	ENSP00000410224.1	54.0	87	35	2	1	86	19	101	2.7e-21	100.9
PIENAPT00000020157	ENSP00000402229.1	54.0	87	35	2	1	86	19	101	2.7e-21	100.9
PIENAPT00000020157	ENSP00000386526.1	54.0	87	35	2	1	86	19	101	2.7e-21	100.9
PIENAPT00000020157	ENSP00000407911.3	54.0	87	35	2	1	86	1	83	2.7e-21	100.9
PIENAPT00000020157	ENSP00000449938.1	46.4	97	47	2	1	96	1	93	4.4e-19	93.6
PIENAPT00000020157	ENSP00000468623.1	46.4	97	47	2	1	96	1	93	4.4e-19	93.6
PIENAPT00000020157	ENSP00000456858.1	46.4	97	47	2	1	96	1	93	4.4e-19	93.6
PIENAPT00000020157	ENSP00000465192.1	46.4	97	47	2	1	96	1	93	4.4e-19	93.6
PIENAPT00000020157	ENSP00000466174.1	49.4	87	39	2	1	86	1	83	9.8e-19	92.4
PIENAPT00000020157	ENSP00000399465.1	49.4	87	39	2	1	86	1	83	9.8e-19	92.4
PIENAPT00000020157	ENSP00000387406.3	49.4	87	39	2	1	86	1	83	9.8e-19	92.4
PIENAPT00000020157	ENSP00000394088.1	35.9	103	66	0	1	103	3	105	9.2e-17	85.9
PIENAPT00000020157	ENSP00000350359.2	35.9	103	66	0	1	103	10	112	9.2e-17	85.9
PIENAPT00000020157	ENSP00000379594.2	35.9	103	66	0	1	103	3	105	9.2e-17	85.9
PIENAPT00000020157	ENSP00000379593.2	32.1	78	53	0	26	103	2	79	4.6e-08	57.0
PIENAPT00000020157	ENSP00000387197.1	32.1	78	53	0	26	103	2	79	4.6e-08	57.0
PIENAPT00000020157	ENSP00000340576.5	61.5	39	11	1	48	86	9	43	3.0e-07	54.3
PIENAPT00000020157	ENSP00000387093.1	61.5	39	11	1	48	86	9	43	3.0e-07	54.3
PIENAPT00000020157	ENSP00000416854.1	61.5	39	11	1	48	86	9	43	3.0e-07	54.3
PIENAPT00000020153	ENSP00000264110.2	54.0	87	35	2	1	86	19	101	7.8e-21	100.9
PIENAPT00000020153	ENSP00000386326.1	54.0	87	35	2	1	86	1	83	7.8e-21	100.9
PIENAPT00000020153	ENSP00000406995.2	54.0	87	35	2	1	86	8	90	7.8e-21	100.9
PIENAPT00000020153	ENSP00000412293.1	54.0	87	35	2	1	86	19	101	7.8e-21	100.9
PIENAPT00000020153	ENSP00000376327.1	54.0	87	35	2	1	86	19	101	7.8e-21	100.9
PIENAPT00000020153	ENSP00000389504.1	54.0	87	35	2	1	86	19	101	7.8e-21	100.9
PIENAPT00000020153	ENSP00000410224.1	54.0	87	35	2	1	86	19	101	7.8e-21	100.9
PIENAPT00000020153	ENSP00000402229.1	54.0	87	35	2	1	86	19	101	7.8e-21	100.9
PIENAPT00000020153	ENSP00000386526.1	54.0	87	35	2	1	86	19	101	7.8e-21	100.9
PIENAPT00000020153	ENSP00000407911.3	54.0	87	35	2	1	86	1	83	7.8e-21	100.9
PIENAPT00000020153	ENSP00000449938.1	46.4	97	47	2	1	96	1	93	1.2e-18	93.6
PIENAPT00000020153	ENSP00000468623.1	46.4	97	47	2	1	96	1	93	1.2e-18	93.6
PIENAPT00000020153	ENSP00000456858.1	46.4	97	47	2	1	96	1	93	1.2e-18	93.6
PIENAPT00000020153	ENSP00000465192.1	46.4	97	47	2	1	96	1	93	1.2e-18	93.6
PIENAPT00000020153	ENSP00000466174.1	49.4	87	39	2	1	86	1	83	2.8e-18	92.4
PIENAPT00000020153	ENSP00000399465.1	49.4	87	39	2	1	86	1	83	2.8e-18	92.4
PIENAPT00000020153	ENSP00000387406.3	49.4	87	39	2	1	86	1	83	2.8e-18	92.4
PIENAPT00000020153	ENSP00000394088.1	35.9	103	66	0	1	103	3	105	3.4e-16	85.5
PIENAPT00000020153	ENSP00000350359.2	35.9	103	66	0	1	103	10	112	3.4e-16	85.5
PIENAPT00000020153	ENSP00000379594.2	35.9	103	66	0	1	103	3	105	3.4e-16	85.5
PIENAPT00000020153	ENSP00000379593.2	32.1	78	53	0	26	103	2	79	1.7e-07	56.6
PIENAPT00000020153	ENSP00000387197.1	32.1	78	53	0	26	103	2	79	1.7e-07	56.6
PIENAPT00000020153	ENSP00000340576.5	61.5	39	11	1	48	86	9	43	8.4e-07	54.3
PIENAPT00000020153	ENSP00000387093.1	61.5	39	11	1	48	86	9	43	8.4e-07	54.3
PIENAPT00000020153	ENSP00000416854.1	61.5	39	11	1	48	86	9	43	8.4e-07	54.3
PIENAPT00000020155	ENSP00000264110.2	54.0	87	35	2	1	86	19	101	7.9e-21	100.9
PIENAPT00000020155	ENSP00000386326.1	54.0	87	35	2	1	86	1	83	7.9e-21	100.9
PIENAPT00000020155	ENSP00000406995.2	54.0	87	35	2	1	86	8	90	7.9e-21	100.9
PIENAPT00000020155	ENSP00000412293.1	54.0	87	35	2	1	86	19	101	7.9e-21	100.9
PIENAPT00000020155	ENSP00000376327.1	54.0	87	35	2	1	86	19	101	7.9e-21	100.9
PIENAPT00000020155	ENSP00000389504.1	54.0	87	35	2	1	86	19	101	7.9e-21	100.9
PIENAPT00000020155	ENSP00000410224.1	54.0	87	35	2	1	86	19	101	7.9e-21	100.9
PIENAPT00000020155	ENSP00000402229.1	54.0	87	35	2	1	86	19	101	7.9e-21	100.9
PIENAPT00000020155	ENSP00000386526.1	54.0	87	35	2	1	86	19	101	7.9e-21	100.9
PIENAPT00000020155	ENSP00000407911.3	54.0	87	35	2	1	86	1	83	7.9e-21	100.9
PIENAPT00000020155	ENSP00000449938.1	46.4	97	47	2	1	96	1	93	1.3e-18	93.6
PIENAPT00000020155	ENSP00000468623.1	46.4	97	47	2	1	96	1	93	1.3e-18	93.6
PIENAPT00000020155	ENSP00000456858.1	46.4	97	47	2	1	96	1	93	1.3e-18	93.6
PIENAPT00000020155	ENSP00000465192.1	46.4	97	47	2	1	96	1	93	1.3e-18	93.6
PIENAPT00000020155	ENSP00000466174.1	49.4	87	39	2	1	86	1	83	2.8e-18	92.4
PIENAPT00000020155	ENSP00000399465.1	49.4	87	39	2	1	86	1	83	2.8e-18	92.4
PIENAPT00000020155	ENSP00000387406.3	49.4	87	39	2	1	86	1	83	2.8e-18	92.4
PIENAPT00000020155	ENSP00000394088.1	35.9	103	66	0	1	103	3	105	3.4e-16	85.5
PIENAPT00000020155	ENSP00000350359.2	35.9	103	66	0	1	103	10	112	3.4e-16	85.5
PIENAPT00000020155	ENSP00000379594.2	35.9	103	66	0	1	103	3	105	3.4e-16	85.5
PIENAPT00000020155	ENSP00000379593.2	32.1	78	53	0	26	103	2	79	1.7e-07	56.6
PIENAPT00000020155	ENSP00000387197.1	32.1	78	53	0	26	103	2	79	1.7e-07	56.6
PIENAPT00000020155	ENSP00000340576.5	61.5	39	11	1	48	86	9	43	8.5e-07	54.3
PIENAPT00000020155	ENSP00000387093.1	61.5	39	11	1	48	86	9	43	8.5e-07	54.3
PIENAPT00000020155	ENSP00000416854.1	61.5	39	11	1	48	86	9	43	8.5e-07	54.3
PIENAPT00000020158	ENSP00000264110.2	50.9	55	22	2	1	54	51	101	1.2e-07	57.0
PIENAPT00000020158	ENSP00000386326.1	50.9	55	22	2	1	54	33	83	1.2e-07	57.0
PIENAPT00000020158	ENSP00000406995.2	50.9	55	22	2	1	54	40	90	1.2e-07	57.0
PIENAPT00000020158	ENSP00000412293.1	50.9	55	22	2	1	54	51	101	1.2e-07	57.0
PIENAPT00000020158	ENSP00000376327.1	50.9	55	22	2	1	54	51	101	1.2e-07	57.0
PIENAPT00000020158	ENSP00000389504.1	50.9	55	22	2	1	54	51	101	1.2e-07	57.0
PIENAPT00000020158	ENSP00000410224.1	50.9	55	22	2	1	54	51	101	1.2e-07	57.0
PIENAPT00000020158	ENSP00000402229.1	50.9	55	22	2	1	54	51	101	1.2e-07	57.0
PIENAPT00000020158	ENSP00000386526.1	50.9	55	22	2	1	54	51	101	1.2e-07	57.0
PIENAPT00000020158	ENSP00000407911.3	50.9	55	22	2	1	54	33	83	1.2e-07	57.0
PIENAPT00000020158	ENSP00000340576.5	61.5	39	11	1	16	54	9	43	8.1e-07	54.3
PIENAPT00000020158	ENSP00000387093.1	61.5	39	11	1	16	54	9	43	8.1e-07	54.3
PIENAPT00000020158	ENSP00000416854.1	61.5	39	11	1	16	54	9	43	8.1e-07	54.3
PIENAPT00000020158	ENSP00000449938.1	43.1	65	32	2	1	64	33	93	1.8e-06	53.1
PIENAPT00000020158	ENSP00000468623.1	43.1	65	32	2	1	64	33	93	1.8e-06	53.1
PIENAPT00000020158	ENSP00000456858.1	43.1	65	32	2	1	64	33	93	1.8e-06	53.1
PIENAPT00000020158	ENSP00000465192.1	43.1	65	32	2	1	64	33	93	1.8e-06	53.1
PIENAPT00000020158	ENSP00000466174.1	47.3	55	24	2	1	54	33	83	4.0e-06	52.0
PIENAPT00000020158	ENSP00000399465.1	47.3	55	24	2	1	54	33	83	4.0e-06	52.0
PIENAPT00000020158	ENSP00000387406.3	47.3	55	24	2	1	54	33	83	4.0e-06	52.0
PIENAPT00000020158	ENSP00000379593.2	35.1	57	37	0	15	71	23	79	9.9e-05	47.4
PIENAPT00000020158	ENSP00000394088.1	35.1	57	37	0	15	71	49	105	9.9e-05	47.4
PIENAPT00000020158	ENSP00000350359.2	35.1	57	37	0	15	71	56	112	9.9e-05	47.4
PIENAPT00000020158	ENSP00000379594.2	35.1	57	37	0	15	71	49	105	9.9e-05	47.4
PIENAPT00000020158	ENSP00000387197.1	35.1	57	37	0	15	71	23	79	9.9e-05	47.4
PIENAPT00000001869	ENSP00000264658.6	71.7	113	30	1	5	117	9	119	2.7e-43	175.6
PIENAPT00000001869	ENSP00000462271.1	71.7	113	30	1	5	117	9	119	2.7e-43	175.6
PIENAPT00000001869	ENSP00000377832.3	71.7	113	30	1	5	117	9	119	2.7e-43	175.6
PIENAPT00000001869	ENSP00000462878.1	72.5	109	30	0	9	117	13	121	6.0e-43	174.5
PIENAPT00000001869	ENSP00000417601.1	76.0	104	25	0	14	117	3	106	6.6e-42	171.0
PIENAPT00000001869	ENSP00000408895.1	76.0	104	25	0	14	117	3	106	6.6e-42	171.0
PIENAPT00000001869	ENSP00000441228.1	76.0	104	25	0	14	117	3	106	6.6e-42	171.0
PIENAPT00000014010	ENSP00000361140.3	37.9	322	176	5	13	322	2	311	3.6e-59	228.0
PIENAPT00000014010	ENSP00000480713.1	37.9	322	176	5	13	322	2	311	3.6e-59	228.0
PIENAPT00000014010	ENSP00000312606.4	37.9	322	176	5	13	322	2	311	3.6e-59	228.0
PIENAPT00000014010	ENSP00000242375.3	37.7	329	182	5	11	323	1	322	7.1e-55	213.8
PIENAPT00000014010	ENSP00000370254.4	36.6	317	181	5	21	323	9	319	1.0e-53	209.9
PIENAPT00000014010	ENSP00000401327.3	37.5	317	178	6	21	323	9	319	2.3e-53	208.8
PIENAPT00000014010	ENSP00000369927.3	37.5	317	178	6	21	323	9	319	2.3e-53	208.8
PIENAPT00000014010	ENSP00000285930.3	35.0	317	184	3	22	325	7	314	3.0e-53	208.4
PIENAPT00000014010	ENSP00000369814.1	35.1	319	187	4	19	323	7	319	5.1e-53	207.6
PIENAPT00000014010	ENSP00000263126.1	35.1	319	187	4	19	323	7	319	5.1e-53	207.6
PIENAPT00000014010	ENSP00000370129.4	36.3	317	182	5	21	323	9	319	1.1e-52	206.5
PIENAPT00000014010	ENSP00000298375.7	34.3	329	169	6	27	323	3	316	1.1e-52	206.5
PIENAPT00000014010	ENSP00000436794.1	34.7	317	160	6	27	311	3	304	6.2e-51	200.7
PIENAPT00000014010	ENSP00000474882.1	38.4	284	161	4	54	323	13	296	1.4e-50	199.5
PIENAPT00000014010	ENSP00000392694.2	36.3	306	171	5	21	323	9	293	9.0e-50	196.8
PIENAPT00000014010	ENSP00000352584.4	35.5	301	172	4	21	308	6	297	5.8e-49	194.1
PIENAPT00000014010	ENSP00000496804.1	34.8	319	188	4	21	325	12	324	9.9e-49	193.4
PIENAPT00000014010	ENSP00000498877.1	34.1	317	187	4	21	324	6	313	8.4e-48	190.3
PIENAPT00000014010	ENSP00000389289.1	35.2	287	173	3	51	324	55	341	3.5e-46	184.9
PIENAPT00000014010	ENSP00000397009.2	35.2	287	173	3	51	324	55	341	3.5e-46	184.9
PIENAPT00000014010	ENSP00000389197.1	36.2	293	164	5	11	287	1	286	3.3e-44	178.3
PIENAPT00000014010	ENSP00000414399.1	37.5	251	135	3	22	259	7	248	1.3e-43	176.4
PIENAPT00000014010	ENSP00000402374.2	34.8	316	168	5	11	323	1	281	3.1e-42	171.8
PIENAPT00000014010	ENSP00000416415.1	36.5	222	127	3	78	285	27	248	2.1e-35	149.1
PIENAPT00000014010	ENSP00000335034.4	28.1	327	135	5	27	323	3	259	2.0e-33	142.5
PIENAPT00000014011	ENSP00000361140.3	37.9	322	176	5	3	312	2	311	3.5e-59	228.0
PIENAPT00000014011	ENSP00000480713.1	37.9	322	176	5	3	312	2	311	3.5e-59	228.0
PIENAPT00000014011	ENSP00000312606.4	37.9	322	176	5	3	312	2	311	3.5e-59	228.0
PIENAPT00000014011	ENSP00000242375.3	37.7	329	182	5	1	313	1	322	6.9e-55	213.8
PIENAPT00000014011	ENSP00000370254.4	36.6	317	181	5	11	313	9	319	1.3e-53	209.5
PIENAPT00000014011	ENSP00000401327.3	37.5	317	178	6	11	313	9	319	2.9e-53	208.4
PIENAPT00000014011	ENSP00000369927.3	37.5	317	178	6	11	313	9	319	2.9e-53	208.4
PIENAPT00000014011	ENSP00000285930.3	35.0	317	184	3	12	315	7	314	3.8e-53	208.0
PIENAPT00000014011	ENSP00000369814.1	35.1	319	187	4	9	313	7	319	4.9e-53	207.6
PIENAPT00000014011	ENSP00000263126.1	35.1	319	187	4	9	313	7	319	4.9e-53	207.6
PIENAPT00000014011	ENSP00000298375.7	34.3	329	169	6	17	313	3	316	1.1e-52	206.5
PIENAPT00000014011	ENSP00000370129.4	36.3	317	182	5	11	313	9	319	1.4e-52	206.1
PIENAPT00000014011	ENSP00000436794.1	34.7	317	160	6	17	301	3	304	6.0e-51	200.7
PIENAPT00000014011	ENSP00000474882.1	38.4	284	161	4	44	313	13	296	1.3e-50	199.5
PIENAPT00000014011	ENSP00000392694.2	36.3	306	171	5	11	313	9	293	1.1e-49	196.4
PIENAPT00000014011	ENSP00000352584.4	35.5	301	172	4	11	298	6	297	5.7e-49	194.1
PIENAPT00000014011	ENSP00000496804.1	34.8	319	188	4	11	315	12	324	9.6e-49	193.4
PIENAPT00000014011	ENSP00000498877.1	34.1	317	187	4	11	314	6	313	1.1e-47	189.9
PIENAPT00000014011	ENSP00000389289.1	35.2	287	173	3	41	314	55	341	3.4e-46	184.9
PIENAPT00000014011	ENSP00000397009.2	35.2	287	173	3	41	314	55	341	3.4e-46	184.9
PIENAPT00000014011	ENSP00000389197.1	36.2	293	164	5	1	277	1	286	3.2e-44	178.3
PIENAPT00000014011	ENSP00000414399.1	37.5	251	135	3	12	249	7	248	1.6e-43	176.0
PIENAPT00000014011	ENSP00000402374.2	34.8	316	168	5	1	313	1	281	3.0e-42	171.8
PIENAPT00000014011	ENSP00000416415.1	36.5	222	127	3	68	275	27	248	2.1e-35	149.1
PIENAPT00000014011	ENSP00000335034.4	28.1	327	135	5	17	313	3	259	2.0e-33	142.5
PIENAPT00000009123	ENSP00000418787.1	52.5	80	38	0	7	86	6	85	1.0e-18	91.7
PIENAPT00000009123	ENSP00000420026.1	50.0	64	32	0	7	70	6	69	1.9e-12	70.9
PIENAPT00000009123	ENSP00000419928.1	50.0	64	32	0	7	70	6	69	1.9e-12	70.9
PIENAPT00000009123	ENSP00000443900.3	50.0	64	32	0	7	70	6	69	1.9e-12	70.9
PIENAPT00000010673	ENSP00000376456.2	34.4	218	129	7	339	555	110	314	3.3e-31	136.0
PIENAPT00000010673	ENSP00000316173.3	33.8	234	139	8	319	545	99	323	2.2e-27	123.2
PIENAPT00000010673	ENSP00000420778.1	33.8	234	139	8	319	545	99	323	2.2e-27	123.2
PIENAPT00000010673	ENSP00000417868.1	33.8	234	139	8	319	545	99	323	2.2e-27	123.2
PIENAPT00000010673	ENSP00000356404.4	34.1	208	127	6	344	549	188	387	1.6e-25	117.1
PIENAPT00000010673	ENSP00000376532.2	30.0	203	131	4	345	545	116	309	1.4e-18	94.0
PIENAPT00000010673	ENSP00000323479.4	30.0	203	131	4	345	545	116	309	1.4e-18	94.0
PIENAPT00000010673	ENSP00000376530.2	30.0	203	131	4	345	545	116	309	1.4e-18	94.0
PIENAPT00000010673	ENSP00000498902.1	30.0	203	131	4	345	545	116	309	1.4e-18	94.0
PIENAPT00000010673	ENSP00000498978.1	30.0	203	131	4	345	545	116	309	1.4e-18	94.0
PIENAPT00000010673	ENSP00000498689.1	30.0	203	131	4	345	545	116	309	1.4e-18	94.0
PIENAPT00000010673	ENSP00000498369.1	30.0	203	131	4	345	545	116	309	1.4e-18	94.0
PIENAPT00000010673	ENSP00000498346.1	30.0	203	131	4	345	545	116	309	1.4e-18	94.0
PIENAPT00000010673	ENSP00000498907.1	30.0	203	131	4	345	545	116	309	1.4e-18	94.0
PIENAPT00000010673	ENSP00000498633.1	30.0	203	131	4	345	545	116	309	1.4e-18	94.0
PIENAPT00000010673	ENSP00000498542.1	30.0	203	131	4	345	545	116	309	1.4e-18	94.0
PIENAPT00000010673	ENSP00000499072.1	30.0	203	131	4	345	545	116	309	1.4e-18	94.0
PIENAPT00000010673	ENSP00000499010.1	30.0	203	131	4	345	545	116	309	1.4e-18	94.0
PIENAPT00000010673	ENSP00000498743.1	30.0	203	131	4	345	545	116	309	1.4e-18	94.0
PIENAPT00000010673	ENSP00000498660.1	30.0	203	131	4	345	545	116	309	1.4e-18	94.0
PIENAPT00000010673	ENSP00000499180.1	30.0	203	131	4	345	545	116	309	1.4e-18	94.0
PIENAPT00000010673	ENSP00000498854.1	30.0	203	131	4	345	545	116	309	1.4e-18	94.0
PIENAPT00000010673	ENSP00000498553.1	30.0	203	131	4	345	545	116	309	1.4e-18	94.0
PIENAPT00000010673	ENSP00000498982.1	30.0	203	131	4	345	545	116	309	1.4e-18	94.0
PIENAPT00000010673	ENSP00000498487.1	30.0	203	131	4	345	545	116	309	1.4e-18	94.0
PIENAPT00000011994	ENSP00000389372.3	27.0	803	469	18	70	812	726	1471	1.5e-55	217.2
PIENAPT00000011994	ENSP00000498272.1	27.8	790	441	22	83	812	563	1283	1.5e-55	217.2
PIENAPT00000011994	ENSP00000419974.2	28.0	799	445	22	79	812	771	1504	2.0e-55	216.9
PIENAPT00000011994	ENSP00000382297.4	28.0	799	445	22	79	812	770	1503	2.0e-55	216.9
PIENAPT00000011994	ENSP00000489023.1	28.0	799	445	22	79	812	561	1294	2.0e-55	216.9
PIENAPT00000011994	ENSP00000441625.1	27.0	803	469	18	70	812	725	1470	3.4e-55	216.1
PIENAPT00000011994	ENSP00000419305.3	28.1	796	441	24	79	812	537	1263	3.4e-55	216.1
PIENAPT00000011994	ENSP00000507498.1	28.1	796	441	24	79	812	770	1496	3.4e-55	216.1
PIENAPT00000011994	ENSP00000386442.3	27.0	804	469	19	70	812	718	1464	3.7e-54	212.6
PIENAPT00000011994	ENSP00000380717.4	27.0	804	469	19	70	812	726	1472	3.7e-54	212.6
PIENAPT00000011994	ENSP00000417518.2	27.8	791	441	23	83	812	563	1284	3.7e-54	212.6
PIENAPT00000011994	ENSP00000352581.6	28.0	800	445	23	79	812	771	1505	4.9e-54	212.2
PIENAPT00000011994	ENSP00000400562.3	26.2	827	469	19	70	812	499	1268	1.3e-51	204.1
PIENAPT00000011994	ENSP00000263710.4	25.8	871	461	23	70	812	718	1531	8.9e-48	191.4
PIENAPT00000011994	ENSP00000417386.1	31.3	182	105	5	269	434	3	180	1.3e-11	71.2
PIENAPT00000002880	ENSP00000386442.3	42.9	252	135	5	8	259	330	572	9.3e-43	173.3
PIENAPT00000002880	ENSP00000263710.4	42.9	252	135	5	8	259	330	572	9.3e-43	173.3
PIENAPT00000002880	ENSP00000380717.4	42.9	252	135	5	8	259	330	572	9.3e-43	173.3
PIENAPT00000002880	ENSP00000441625.1	42.9	252	135	5	8	259	330	572	9.3e-43	173.3
PIENAPT00000002880	ENSP00000389372.3	42.9	252	135	5	8	259	330	572	9.3e-43	173.3
PIENAPT00000002880	ENSP00000400562.3	42.9	252	135	5	8	259	111	353	9.3e-43	173.3
PIENAPT00000002880	ENSP00000419974.2	39.1	299	163	7	8	301	332	616	1.5e-37	156.0
PIENAPT00000002880	ENSP00000382297.4	39.1	299	163	7	8	301	331	615	1.5e-37	156.0
PIENAPT00000002880	ENSP00000417518.2	39.1	299	163	7	8	301	98	382	1.5e-37	156.0
PIENAPT00000002880	ENSP00000419305.3	39.1	299	163	7	8	301	98	382	1.5e-37	156.0
PIENAPT00000002880	ENSP00000489023.1	39.1	299	163	7	8	301	104	388	1.5e-37	156.0
PIENAPT00000002880	ENSP00000324364.6	39.1	299	163	7	8	301	104	388	1.5e-37	156.0
PIENAPT00000002880	ENSP00000418939.1	39.1	299	163	7	8	301	104	388	1.5e-37	156.0
PIENAPT00000002880	ENSP00000327760.6	39.1	299	163	7	8	301	108	392	1.5e-37	156.0
PIENAPT00000002880	ENSP00000352581.6	39.1	299	163	7	8	301	332	616	1.5e-37	156.0
PIENAPT00000002880	ENSP00000498272.1	39.1	299	163	7	8	301	98	382	1.5e-37	156.0
PIENAPT00000002880	ENSP00000507498.1	39.1	299	163	7	8	301	331	615	1.5e-37	156.0
PIENAPT00000002880	ENSP00000418945.2	48.4	128	64	2	8	135	104	229	1.1e-24	113.2
PIENAPT00000002880	ENSP00000418411.2	55.8	77	32	2	8	84	99	173	2.0e-13	75.9
PIENAPT00000002880	ENSP00000392886.1	51.9	54	24	2	8	61	99	150	2.2e-04	45.8
PIENAPT00000010199	ENSP00000265734.4	33.6	298	124	6	21	245	6	302	8.5e-34	143.3
PIENAPT00000010199	ENSP00000397087.3	33.6	298	124	6	21	245	6	302	8.5e-34	143.3
PIENAPT00000010199	ENSP00000257904.5	32.7	297	112	8	27	242	5	294	7.5e-30	130.2
PIENAPT00000010199	ENSP00000483754.1	32.7	260	132	7	25	247	9	262	5.2e-23	107.5
PIENAPT00000010199	ENSP00000422737.1	32.7	260	132	7	25	247	9	262	5.2e-23	107.5
PIENAPT00000010199	ENSP00000297518.4	30.1	276	116	10	26	245	2	256	1.2e-22	106.3
PIENAPT00000010199	ENSP00000449179.1	39.9	173	50	5	27	147	5	175	5.7e-22	104.0
PIENAPT00000010199	ENSP00000362915.2	33.2	241	126	9	28	245	4	232	5.7e-22	104.0
PIENAPT00000010199	ENSP00000325970.4	33.2	241	126	9	28	245	4	232	5.7e-22	104.0
PIENAPT00000010199	ENSP00000448098.1	40.1	172	49	5	27	146	5	174	7.5e-22	103.6
PIENAPT00000010199	ENSP00000448963.1	39.5	167	47	5	27	141	5	169	1.4e-20	99.4
PIENAPT00000010199	ENSP00000479116.1	29.0	297	131	8	25	247	9	299	4.5e-19	94.4
PIENAPT00000010199	ENSP00000256443.3	29.0	297	131	8	25	247	9	299	4.5e-19	94.4
PIENAPT00000010199	ENSP00000365043.3	30.1	282	125	10	27	248	3	272	5.9e-19	94.0
PIENAPT00000010199	ENSP00000446763.1	50.5	93	41	3	27	116	5	95	1.5e-17	89.4
PIENAPT00000010199	ENSP00000338975.5	28.9	294	126	10	27	248	3	285	1.9e-17	89.0
PIENAPT00000010199	ENSP00000322343.8	28.7	303	123	10	27	248	3	293	2.5e-17	88.6
PIENAPT00000010199	ENSP00000316889.6	57.3	75	28	2	27	98	5	78	2.1e-16	85.5
PIENAPT00000010199	ENSP00000474485.1	29.9	274	118	11	27	238	3	264	2.8e-16	85.1
PIENAPT00000010199	ENSP00000419782.1	34.0	162	61	5	26	145	2	159	2.0e-14	79.0
PIENAPT00000010199	ENSP00000448885.1	54.9	71	28	2	27	94	5	74	9.8e-14	76.6
PIENAPT00000010199	ENSP00000398880.4	25.3	312	133	10	27	249	726	1026	1.7e-13	75.9
PIENAPT00000010199	ENSP00000464641.1	25.3	312	133	10	27	249	725	1025	1.7e-13	75.9
PIENAPT00000010199	ENSP00000407720.2	25.3	312	133	10	27	249	726	1026	1.7e-13	75.9
PIENAPT00000010199	ENSP00000378699.3	27.3	209	111	8	67	245	92	289	1.8e-12	72.4
PIENAPT00000016644	ENSP00000315931.3	66.5	394	80	4	38	385	172	559	1.5e-146	518.5
PIENAPT00000016644	ENSP00000413639.2	66.5	394	80	4	38	385	171	558	1.5e-146	518.5
PIENAPT00000016644	ENSP00000420459.1	66.5	394	80	4	38	385	69	456	1.5e-146	518.5
PIENAPT00000016644	ENSP00000420801.1	66.5	394	80	4	38	385	69	456	1.5e-146	518.5
PIENAPT00000016644	ENSP00000419346.1	66.5	394	80	4	38	385	79	466	1.5e-146	518.5
PIENAPT00000016644	ENSP00000358814.5	64.5	403	91	4	29	385	82	478	8.3e-145	512.7
PIENAPT00000016644	ENSP00000352092.3	64.5	403	91	4	29	385	35	431	8.3e-145	512.7
PIENAPT00000016644	ENSP00000377238.4	64.5	403	91	4	29	385	35	431	8.3e-145	512.7
PIENAPT00000016644	ENSP00000217426.2	43.2	377	161	5	51	380	6	376	3.3e-77	288.1
PIENAPT00000016644	ENSP00000442820.1	43.2	354	148	5	74	380	1	348	2.1e-71	268.9
PIENAPT00000016644	ENSP00000419608.1	40.7	113	31	1	38	114	70	182	6.8e-14	77.8
PIENAPT00000009191	ENSP00000250535.4	39.6	260	83	2	21	280	1	186	2.1e-50	198.7
PIENAPT00000017874	ENSP00000360497.2	59.2	267	92	4	42	291	52	318	5.2e-86	317.0
PIENAPT00000017874	ENSP00000267291.6	58.5	205	80	2	94	293	110	314	3.3e-72	271.2
PIENAPT00000011848	ENSP00000397552.2	43.0	279	153	2	5	283	2	274	3.0e-59	228.0
PIENAPT00000011848	ENSP00000160382.5	43.8	274	145	1	5	278	2	266	6.7e-59	226.9
PIENAPT00000011848	ENSP00000394014.2	42.6	223	123	1	61	283	15	232	2.9e-46	184.9
PIENAPT00000011848	ENSP00000376430.1	42.6	223	123	1	61	283	15	232	2.9e-46	184.9
PIENAPT00000011848	ENSP00000360165.3	27.5	207	132	3	13	219	8	196	8.2e-17	87.0
PIENAPT00000011848	ENSP00000367658.2	28.5	193	121	2	16	208	11	186	1.4e-16	86.3
PIENAPT00000011848	ENSP00000333037.1	29.4	153	108	0	88	240	61	213	1.4e-11	69.7
PIENAPT00000019255	ENSP00000160382.5	63.4	71	26	0	3	73	356	426	2.7e-20	96.7
PIENAPT00000019255	ENSP00000394014.2	64.3	70	25	0	4	73	318	387	7.8e-20	95.1
PIENAPT00000019255	ENSP00000376430.1	64.3	70	25	0	4	73	318	387	7.8e-20	95.1
PIENAPT00000019255	ENSP00000397552.2	64.3	70	25	0	4	73	360	429	7.8e-20	95.1
PIENAPT00000019255	ENSP00000290378.4	54.3	70	29	1	3	72	310	376	4.4e-15	79.3
PIENAPT00000019255	ENSP00000502821.1	54.3	70	29	1	3	72	308	374	4.4e-15	79.3
PIENAPT00000019255	ENSP00000495995.2	54.3	70	29	1	3	72	308	374	4.4e-15	79.3
PIENAPT00000019255	ENSP00000501773.1	54.3	70	29	1	3	72	265	331	4.4e-15	79.3
PIENAPT00000019255	ENSP00000494750.1	54.3	70	29	1	3	72	308	374	4.4e-15	79.3
PIENAPT00000019255	ENSP00000495059.1	54.3	70	29	1	3	72	12	78	4.4e-15	79.3
PIENAPT00000019255	ENSP00000501862.1	54.3	70	29	1	3	72	308	374	4.4e-15	79.3
PIENAPT00000019255	ENSP00000494269.1	54.3	70	29	1	3	72	308	374	4.4e-15	79.3
PIENAPT00000019255	ENSP00000224784.6	54.3	70	29	1	3	72	310	376	4.4e-15	79.3
PIENAPT00000019255	ENSP00000505060.1	54.3	70	29	1	3	72	308	374	4.4e-15	79.3
PIENAPT00000019255	ENSP00000461672.1	54.3	70	29	1	3	72	308	374	4.4e-15	79.3
PIENAPT00000019255	ENSP00000458435.1	54.3	70	29	1	3	72	308	374	4.4e-15	79.3
PIENAPT00000019255	ENSP00000506126.1	54.3	70	29	1	3	72	308	374	4.4e-15	79.3
PIENAPT00000019255	ENSP00000506201.1	54.3	70	29	1	3	72	308	374	4.4e-15	79.3
PIENAPT00000019255	ENSP00000466346.2	54.3	70	29	1	3	72	308	374	4.4e-15	79.3
PIENAPT00000019255	ENSP00000477968.1	54.3	70	29	1	3	72	308	374	4.4e-15	79.3
PIENAPT00000019255	ENSP00000505193.1	54.3	70	29	1	3	72	308	374	4.4e-15	79.3
PIENAPT00000019255	ENSP00000506253.1	54.3	70	29	1	3	72	308	374	4.4e-15	79.3
PIENAPT00000019255	ENSP00000505235.1	54.3	70	29	1	3	72	308	374	4.4e-15	79.3
PIENAPT00000019255	ENSP00000458162.1	54.3	70	29	1	3	72	308	374	4.4e-15	79.3
PIENAPT00000019255	ENSP00000459124.1	54.3	70	29	1	3	72	308	374	4.4e-15	79.3
PIENAPT00000009325	ENSP00000499994.1	49.1	53	22	2	62	109	181	233	4.1e-07	53.5
PIENAPT00000009325	ENSP00000401932.3	49.1	53	22	2	62	109	229	281	4.1e-07	53.5
PIENAPT00000012116	ENSP00000499994.1	50.0	50	20	2	44	88	184	233	2.5e-07	53.9
PIENAPT00000012116	ENSP00000401932.3	50.0	50	20	2	44	88	232	281	2.5e-07	53.9
PIENAPT00000010250	ENSP00000334962.6	45.0	60	30	1	116	175	565	621	5.1e-09	60.8
PIENAPT00000010250	ENSP00000371211.2	45.0	60	30	1	116	175	565	621	5.1e-09	60.8
PIENAPT00000010250	ENSP00000385453.1	45.0	60	30	1	116	175	565	621	5.1e-09	60.8
PIENAPT00000010250	ENSP00000384964.1	45.0	60	30	1	116	175	565	621	5.1e-09	60.8
PIENAPT00000010250	ENSP00000501573.1	45.0	60	30	1	116	175	565	621	5.1e-09	60.8
PIENAPT00000010250	ENSP00000283916.6	34.6	107	61	4	118	220	186	287	6.6e-09	60.5
PIENAPT00000010250	ENSP00000447259.1	45.8	59	29	2	118	175	77	133	8.7e-09	60.1
PIENAPT00000010250	ENSP00000381476.3	45.8	59	29	2	118	175	77	133	8.7e-09	60.1
PIENAPT00000010250	ENSP00000352639.4	53.2	47	21	1	118	163	28	74	1.3e-07	56.2
PIENAPT00000010250	ENSP00000401328.2	56.2	48	18	2	116	163	25	69	3.6e-07	54.7
PIENAPT00000010250	ENSP00000306390.3	42.6	61	32	1	118	178	34	91	3.6e-07	54.7
PIENAPT00000010250	ENSP00000499994.1	50.0	50	20	2	178	222	184	233	4.8e-07	54.3
PIENAPT00000010250	ENSP00000401932.3	50.0	50	20	2	178	222	232	281	4.8e-07	54.3
PIENAPT00000010250	ENSP00000365075.3	48.9	47	23	1	118	163	28	74	6.2e-07	53.9
PIENAPT00000010250	ENSP00000399811.1	48.9	47	23	1	118	163	12	58	6.2e-07	53.9
PIENAPT00000010250	ENSP00000493877.1	49.0	49	23	1	115	163	30	76	8.1e-07	53.5
PIENAPT00000010250	ENSP00000494233.1	49.0	49	23	1	115	163	30	76	8.1e-07	53.5
PIENAPT00000010250	ENSP00000495772.1	49.0	49	23	1	115	163	30	76	8.1e-07	53.5
PIENAPT00000010250	ENSP00000493584.1	49.0	49	23	1	115	163	30	76	8.1e-07	53.5
PIENAPT00000010250	ENSP00000303963.8	49.0	49	23	1	115	163	30	76	8.1e-07	53.5
PIENAPT00000010250	ENSP00000354294.4	49.0	49	23	1	115	163	30	76	8.1e-07	53.5
PIENAPT00000010250	ENSP00000463301.1	49.0	49	23	1	115	163	54	100	8.1e-07	53.5
PIENAPT00000010250	ENSP00000384957.2	50.0	46	23	0	118	163	387	432	1.1e-06	53.1
PIENAPT00000010250	ENSP00000264692.5	50.0	46	23	0	118	163	333	378	1.1e-06	53.1
PIENAPT00000010250	ENSP00000355719.3	43.1	51	26	1	117	167	58	105	1.4e-06	52.8
PIENAPT00000005617	ENSP00000260327.4	56.3	286	108	5	357	630	186	466	8.6e-83	307.4
PIENAPT00000005617	ENSP00000452837.1	56.3	286	108	5	357	630	186	466	8.6e-83	307.4
PIENAPT00000005617	ENSP00000453051.1	67.0	218	67	2	414	630	181	394	1.9e-82	306.2
PIENAPT00000005617	ENSP00000398288.2	50.9	161	74	2	455	613	98	255	1.3e-38	160.6
PIENAPT00000005617	ENSP00000273179.5	50.9	161	74	2	455	613	109	266	1.3e-38	160.6
PIENAPT00000005617	ENSP00000273062.2	41.8	225	111	5	400	618	45	255	1.7e-38	160.2
PIENAPT00000005617	ENSP00000392248.1	41.1	224	113	4	400	618	45	254	5.0e-38	158.7
PIENAPT00000005617	ENSP00000403256.1	41.1	224	113	4	400	618	47	256	5.0e-38	158.7
PIENAPT00000005617	ENSP00000407443.1	51.3	158	72	2	458	613	1	155	6.5e-38	158.3
PIENAPT00000005617	ENSP00000381148.2	48.4	159	81	1	455	613	104	261	6.1e-36	151.8
PIENAPT00000005617	ENSP00000404301.1	39.7	232	113	5	400	618	31	248	7.9e-36	151.4
PIENAPT00000005617	ENSP00000446705.1	51.8	110	52	1	504	613	1	109	3.1e-24	112.8
PIENAPT00000005617	ENSP00000448386.1	39.7	141	56	1	473	613	4	115	1.1e-21	104.4
PIENAPT00000005617	ENSP00000448299.1	48.2	110	56	1	455	564	74	182	1.0e-19	97.8
PIENAPT00000005617	ENSP00000409600.1	57.1	70	30	0	544	613	3	72	1.3e-17	90.9
PIENAPT00000005617	ENSP00000453538.1	65.2	69	20	1	419	487	2	66	3.1e-16	86.3
PIENAPT00000005617	ENSP00000447046.1	49.1	55	28	0	559	613	34	88	5.7e-10	65.5
PIENAPT00000013594	ENSP00000369814.1	43.6	55	29	1	9	61	69	123	3.2e-04	43.5
PIENAPT00000013594	ENSP00000263126.1	43.6	55	29	1	9	61	69	123	3.2e-04	43.5
PIENAPT00000013593	ENSP00000369814.1	41.4	169	85	3	1	155	151	319	8.5e-25	112.8
PIENAPT00000013593	ENSP00000263126.1	41.4	169	85	3	1	155	151	319	8.5e-25	112.8
PIENAPT00000013593	ENSP00000496804.1	38.4	172	92	3	1	158	154	325	5.1e-22	103.6
PIENAPT00000013593	ENSP00000401327.3	36.7	169	93	3	1	155	151	319	7.4e-21	99.8
PIENAPT00000013593	ENSP00000474882.1	36.7	169	93	3	1	155	128	296	7.4e-21	99.8
PIENAPT00000013593	ENSP00000369927.3	36.7	169	93	3	1	155	151	319	7.4e-21	99.8
PIENAPT00000013593	ENSP00000370254.4	36.1	169	94	3	1	155	151	319	6.3e-20	96.7
PIENAPT00000013593	ENSP00000370129.4	36.1	169	94	3	1	155	151	319	1.4e-19	95.5
PIENAPT00000013593	ENSP00000392694.2	36.1	169	94	3	1	155	125	293	1.4e-19	95.5
PIENAPT00000013593	ENSP00000352584.4	34.9	169	92	5	1	152	145	312	4.5e-18	90.5
PIENAPT00000013593	ENSP00000389289.1	37.0	154	82	4	1	140	173	325	7.7e-18	89.7
PIENAPT00000013593	ENSP00000498877.1	37.0	154	82	4	1	140	145	297	7.7e-18	89.7
PIENAPT00000013593	ENSP00000397009.2	37.0	154	82	4	1	140	173	325	7.7e-18	89.7
PIENAPT00000013593	ENSP00000298375.7	34.1	167	93	3	1	155	155	316	1.3e-17	89.0
PIENAPT00000013593	ENSP00000434437.1	34.6	153	83	3	1	141	51	198	5.5e-16	83.6
PIENAPT00000013593	ENSP00000436794.1	34.6	153	83	3	1	141	155	302	5.5e-16	83.6
PIENAPT00000013593	ENSP00000416415.1	42.2	109	59	2	1	105	118	226	5.7e-13	73.6
PIENAPT00000013593	ENSP00000335034.4	26.8	157	61	3	1	155	155	259	8.8e-06	49.7
PIENAPT00000013593	ENSP00000432947.1	26.6	143	51	3	1	141	155	245	3.7e-04	44.3
PIENAPT00000013593	ENSP00000335603.5	40.8	49	29	0	107	155	170	218	8.3e-04	43.1
PIENAPT00000013596	ENSP00000369814.1	41.5	135	77	1	11	143	185	319	1.4e-21	102.1
PIENAPT00000013596	ENSP00000263126.1	41.5	135	77	1	11	143	185	319	1.4e-21	102.1
PIENAPT00000013596	ENSP00000496804.1	40.6	138	80	1	11	146	188	325	6.9e-21	99.8
PIENAPT00000013596	ENSP00000401327.3	35.6	135	85	1	11	143	185	319	7.1e-18	89.7
PIENAPT00000013596	ENSP00000474882.1	35.6	135	85	1	11	143	162	296	7.1e-18	89.7
PIENAPT00000013596	ENSP00000369927.3	35.6	135	85	1	11	143	185	319	7.1e-18	89.7
PIENAPT00000013596	ENSP00000352584.4	35.4	147	87	4	1	140	167	312	7.1e-18	89.7
PIENAPT00000013596	ENSP00000389289.1	37.1	132	78	3	1	128	195	325	2.1e-17	88.2
PIENAPT00000013596	ENSP00000498877.1	37.1	132	78	3	1	128	167	297	2.1e-17	88.2
PIENAPT00000013596	ENSP00000397009.2	37.1	132	78	3	1	128	195	325	2.1e-17	88.2
PIENAPT00000013596	ENSP00000370129.4	35.6	135	85	1	11	143	185	319	2.1e-17	88.2
PIENAPT00000013596	ENSP00000392694.2	35.6	135	85	1	11	143	159	293	2.1e-17	88.2
PIENAPT00000013596	ENSP00000370254.4	35.6	135	85	1	11	143	185	319	2.1e-17	88.2
PIENAPT00000013596	ENSP00000298375.7	33.1	145	90	2	1	143	177	316	6.7e-16	83.2
PIENAPT00000013596	ENSP00000434437.1	33.6	131	80	2	1	129	73	198	2.8e-14	77.8
PIENAPT00000013596	ENSP00000436794.1	33.6	131	80	2	1	129	177	302	2.8e-14	77.8
PIENAPT00000013596	ENSP00000335034.4	38.4	73	45	0	71	143	187	259	1.0e-08	59.3
PIENAPT00000013596	ENSP00000335603.5	39.4	66	40	0	78	143	153	218	5.1e-08	57.0
PIENAPT00000013596	ENSP00000432947.1	40.7	59	35	0	71	129	187	245	4.3e-07	53.9
PIENAPT00000013592	ENSP00000369814.1	41.4	169	85	3	1	155	151	319	8.5e-25	112.8
PIENAPT00000013592	ENSP00000263126.1	41.4	169	85	3	1	155	151	319	8.5e-25	112.8
PIENAPT00000013592	ENSP00000496804.1	38.4	172	92	3	1	158	154	325	5.1e-22	103.6
PIENAPT00000013592	ENSP00000401327.3	36.7	169	93	3	1	155	151	319	7.4e-21	99.8
PIENAPT00000013592	ENSP00000474882.1	36.7	169	93	3	1	155	128	296	7.4e-21	99.8
PIENAPT00000013592	ENSP00000369927.3	36.7	169	93	3	1	155	151	319	7.4e-21	99.8
PIENAPT00000013592	ENSP00000370254.4	36.1	169	94	3	1	155	151	319	6.3e-20	96.7
PIENAPT00000013592	ENSP00000370129.4	36.1	169	94	3	1	155	151	319	1.4e-19	95.5
PIENAPT00000013592	ENSP00000392694.2	36.1	169	94	3	1	155	125	293	1.4e-19	95.5
PIENAPT00000013592	ENSP00000352584.4	34.9	169	92	5	1	152	145	312	4.5e-18	90.5
PIENAPT00000013592	ENSP00000389289.1	37.0	154	82	4	1	140	173	325	7.7e-18	89.7
PIENAPT00000013592	ENSP00000498877.1	37.0	154	82	4	1	140	145	297	7.7e-18	89.7
PIENAPT00000013592	ENSP00000397009.2	37.0	154	82	4	1	140	173	325	7.7e-18	89.7
PIENAPT00000013592	ENSP00000298375.7	34.1	167	93	3	1	155	155	316	1.3e-17	89.0
PIENAPT00000013592	ENSP00000434437.1	34.6	153	83	3	1	141	51	198	5.5e-16	83.6
PIENAPT00000013592	ENSP00000436794.1	34.6	153	83	3	1	141	155	302	5.5e-16	83.6
PIENAPT00000013592	ENSP00000416415.1	42.2	109	59	2	1	105	118	226	5.7e-13	73.6
PIENAPT00000013592	ENSP00000335034.4	26.8	157	61	3	1	155	155	259	8.8e-06	49.7
PIENAPT00000013592	ENSP00000432947.1	26.6	143	51	3	1	141	155	245	3.7e-04	44.3
PIENAPT00000013592	ENSP00000335603.5	40.8	49	29	0	107	155	170	218	8.3e-04	43.1
PIENAPT00000013595	ENSP00000370254.4	40.4	114	56	3	1	108	16	123	2.4e-13	74.3
PIENAPT00000013595	ENSP00000401327.3	38.6	114	58	3	1	108	16	123	2.6e-12	70.9
PIENAPT00000013595	ENSP00000369927.3	38.6	114	58	3	1	108	16	123	2.6e-12	70.9
PIENAPT00000013595	ENSP00000369814.1	38.6	114	58	3	1	108	16	123	2.6e-12	70.9
PIENAPT00000013595	ENSP00000263126.1	38.6	114	58	3	1	108	16	123	2.6e-12	70.9
PIENAPT00000013595	ENSP00000370240.1	48.2	83	37	2	32	108	43	125	1.7e-11	68.2
PIENAPT00000013595	ENSP00000496857.1	36.8	117	62	4	1	111	19	129	8.4e-11	65.9
PIENAPT00000013595	ENSP00000497014.1	36.8	117	62	4	1	111	19	129	8.4e-11	65.9
PIENAPT00000013595	ENSP00000474188.1	45.8	83	39	2	32	108	18	100	1.1e-10	65.5
PIENAPT00000013595	ENSP00000474882.1	45.8	83	39	2	32	108	18	100	1.1e-10	65.5
PIENAPT00000013595	ENSP00000496804.1	36.8	114	60	4	1	108	19	126	1.9e-10	64.7
PIENAPT00000013595	ENSP00000285930.3	36.1	122	63	3	1	116	13	125	2.1e-09	61.2
PIENAPT00000013595	ENSP00000414399.1	36.1	122	63	3	1	116	13	125	2.1e-09	61.2
PIENAPT00000013595	ENSP00000413205.1	37.7	77	35	2	1	73	13	80	9.0e-05	45.8
PIENAPT00000013779	ENSP00000285930.3	37.0	319	178	4	11	316	7	315	4.9e-56	217.6
PIENAPT00000013779	ENSP00000352584.4	35.0	314	181	4	16	316	12	315	6.1e-51	200.7
PIENAPT00000013779	ENSP00000370254.4	35.5	321	186	6	10	316	9	322	2.0e-49	195.7
PIENAPT00000013779	ENSP00000242375.3	36.2	320	184	5	11	316	12	325	5.8e-49	194.1
PIENAPT00000013779	ENSP00000361140.3	33.8	305	180	4	11	303	8	302	5.8e-49	194.1
PIENAPT00000013779	ENSP00000480713.1	33.8	305	180	4	11	303	8	302	5.8e-49	194.1
PIENAPT00000013779	ENSP00000312606.4	33.8	305	180	4	11	303	8	302	5.8e-49	194.1
PIENAPT00000013779	ENSP00000370129.4	34.0	321	191	5	10	316	9	322	2.2e-48	192.2
PIENAPT00000013779	ENSP00000401327.3	34.3	321	190	6	10	316	9	322	1.4e-47	189.5
PIENAPT00000013779	ENSP00000369927.3	34.3	321	190	6	10	316	9	322	1.4e-47	189.5
PIENAPT00000013779	ENSP00000496804.1	34.3	321	190	6	10	316	12	325	1.4e-47	189.5
PIENAPT00000013779	ENSP00000392694.2	33.5	310	181	4	10	316	9	296	3.5e-46	184.9
PIENAPT00000013779	ENSP00000474882.1	33.6	298	182	5	35	316	2	299	2.3e-45	182.2
PIENAPT00000013779	ENSP00000298375.7	33.0	330	173	6	16	313	3	316	5.0e-45	181.0
PIENAPT00000013779	ENSP00000436794.1	34.5	304	151	6	16	287	3	290	9.5e-44	176.8
PIENAPT00000013779	ENSP00000389197.1	37.7	281	155	5	11	277	12	286	1.4e-42	172.9
PIENAPT00000013779	ENSP00000414399.1	37.3	252	135	4	11	249	7	248	2.0e-41	169.1
PIENAPT00000013779	ENSP00000402374.2	31.6	307	175	4	11	316	12	284	1.2e-35	149.8
PIENAPT00000013779	ENSP00000416415.1	37.6	221	124	4	68	274	27	247	2.1e-35	149.1
PIENAPT00000013779	ENSP00000335034.4	29.0	328	132	6	16	313	3	259	3.2e-31	135.2
PIENAPT00000013779	ENSP00000474566.1	38.7	191	97	4	10	187	9	192	1.6e-30	132.9
PIENAPT00000013779	ENSP00000432947.1	30.1	302	110	6	16	287	3	233	6.0e-30	131.0
PIENAPT00000013779	ENSP00000370240.1	42.4	158	78	3	41	185	35	192	1.9e-28	125.9
PIENAPT00000013779	ENSP00000435436.1	40.1	177	74	3	41	185	22	198	3.6e-27	121.7
PIENAPT00000013779	ENSP00000474188.1	40.9	154	78	3	35	175	2	155	4.0e-26	118.2
PIENAPT00000009091	ENSP00000369814.1	41.1	319	165	7	14	312	4	319	7.3e-54	210.3
PIENAPT00000009091	ENSP00000263126.1	41.1	319	165	7	14	312	4	319	7.3e-54	210.3
PIENAPT00000009091	ENSP00000369927.3	37.8	315	173	7	18	312	8	319	9.2e-49	193.4
PIENAPT00000009091	ENSP00000401327.3	37.8	315	173	7	18	312	8	319	1.2e-48	193.0
PIENAPT00000009091	ENSP00000370254.4	36.8	315	176	7	18	312	8	319	1.5e-46	186.0
PIENAPT00000009091	ENSP00000370129.4	36.5	315	177	7	18	312	8	319	1.2e-45	183.0
PIENAPT00000009091	ENSP00000361140.3	36.7	324	164	9	20	312	8	321	1.2e-43	176.4
PIENAPT00000009091	ENSP00000480713.1	36.7	324	164	9	20	312	8	321	1.2e-43	176.4
PIENAPT00000009091	ENSP00000312606.4	36.7	324	164	9	20	312	8	321	1.2e-43	176.4
PIENAPT00000009091	ENSP00000474882.1	38.0	279	153	6	54	312	18	296	2.0e-43	175.6
PIENAPT00000009091	ENSP00000392694.2	35.1	305	169	6	18	312	8	293	7.8e-40	163.7
PIENAPT00000009091	ENSP00000352584.4	35.2	307	169	8	26	309	13	312	5.1e-39	161.0
PIENAPT00000009091	ENSP00000498877.1	36.0	292	160	7	26	297	13	297	5.6e-38	157.5
PIENAPT00000009091	ENSP00000298375.7	33.3	324	168	7	26	312	4	316	7.3e-38	157.1
PIENAPT00000009091	ENSP00000389289.1	36.4	272	152	6	46	297	55	325	8.1e-37	153.7
PIENAPT00000009091	ENSP00000397009.2	36.4	272	152	6	46	297	55	325	8.1e-37	153.7
PIENAPT00000009091	ENSP00000436794.1	33.3	312	160	7	26	300	4	304	6.9e-36	150.6
PIENAPT00000009091	ENSP00000416415.1	33.3	273	135	6	18	274	7	248	6.7e-31	134.0
PIENAPT00000009091	ENSP00000335034.4	29.5	322	126	7	26	312	4	259	4.2e-25	114.8
PIENAPT00000009091	ENSP00000474566.1	40.0	190	93	6	18	189	8	194	1.2e-24	113.2
PIENAPT00000009091	ENSP00000434437.1	36.8	163	96	2	140	300	43	200	1.2e-24	113.2
PIENAPT00000009091	ENSP00000432947.1	29.4	310	118	7	26	300	4	247	3.0e-23	108.6
PIENAPT00000009091	ENSP00000474188.1	44.9	138	60	4	54	175	18	155	8.1e-21	100.5
PIENAPT00000009091	ENSP00000370240.1	43.5	138	62	4	54	175	43	180	1.2e-19	96.7
PIENAPT00000009091	ENSP00000335603.5	37.9	66	41	0	247	312	153	218	3.0e-07	55.5
PIENAPT00000002085	ENSP00000297375.4	77.4	62	14	0	6	67	262	323	8.6e-21	98.6
PIENAPT00000002085	ENSP00000295206.5	70.0	70	21	0	6	75	321	390	1.5e-20	97.8
PIENAPT00000002085	ENSP00000362613.1	60.0	40	16	0	6	45	191	230	9.2e-07	52.0
PIENAPT00000002085	ENSP00000231656.7	64.9	37	13	0	6	42	172	208	9.2e-07	52.0
PIENAPT00000002085	ENSP00000370408.6	64.9	37	13	0	6	42	204	240	1.2e-06	51.6
PIENAPT00000002085	ENSP00000249499.6	53.2	47	22	0	6	52	303	349	3.5e-06	50.1
PIENAPT00000002085	ENSP00000498116.1	59.0	39	16	0	7	45	156	194	6.0e-06	49.3
PIENAPT00000002085	ENSP00000309439.5	57.5	40	17	0	6	45	203	242	1.3e-05	48.1
PIENAPT00000002085	ENSP00000343619.6	53.3	45	21	0	6	50	224	268	1.3e-05	48.1
PIENAPT00000002085	ENSP00000500958.1	53.3	45	21	0	6	50	177	221	1.3e-05	48.1
PIENAPT00000002085	ENSP00000501229.1	53.3	45	21	0	6	50	165	209	1.3e-05	48.1
PIENAPT00000002085	ENSP00000421799.3	53.3	45	21	0	6	50	64	108	1.3e-05	48.1
PIENAPT00000002085	ENSP00000423861.1	57.5	40	17	0	6	45	210	249	1.7e-05	47.8
PIENAPT00000002085	ENSP00000302836.4	57.5	40	17	0	6	45	210	249	1.7e-05	47.8
PIENAPT00000002085	ENSP00000240306.3	56.4	39	17	0	7	45	136	174	1.7e-05	47.8
PIENAPT00000002085	ENSP00000410622.2	56.4	39	17	0	7	45	64	102	1.7e-05	47.8
PIENAPT00000002085	ENSP00000249501.4	50.0	42	21	0	6	47	284	325	2.3e-05	47.4
PIENAPT00000002085	ENSP00000389870.2	53.8	39	18	0	7	45	148	186	3.9e-05	46.6
PIENAPT00000002085	ENSP00000449976.1	53.8	39	18	0	7	45	28	66	3.9e-05	46.6
